customer xCoord yCoord demandWasteType1 demandWasteType2 demandWasteType3 readyTime dueDateNarrow dueDate dueDateWide service bidNarrow bid bidWide
0 40 50 0 0 0 0 240 240 240 0 0 0 0
1 25 85 0 16 19 145 160 175 205 10 519 491 431
2 22 75 28 0 28 50 65 80 110 10 280 265 232
3 22 85 6 6 9 109 124 139 169 10 804 762 669
4 20 80 0 38 17 141 156 171 201 10 491 465 408
5 20 85 1 4 0 41 56 71 101 10 274 260 228
6 18 75 17 2 15 95 110 125 155 10 681 645 566
7 15 75 9 13 19 79 94 109 139 10 723 684 601
8 15 80 1 2 10 91 106 121 151 10 798 756 664
9 10 35 7 0 3 91 106 121 151 10 304 288 253
10 10 40 18 0 23 119 134 149 179 10 287 272 238
11 8 40 11 18 9 59 74 89 119 10 685 649 570
12 8 45 0 15 0 64 79 94 124 10 110 104 91
13 5 35 8 8 1 142 157 172 202 10 778 737 647
14 5 45 2 8 2 35 50 65 95 10 723 684 601
15 2 40 0 2 20 58 73 88 118 10 535 507 445
16 0 40 2 4 15 72 87 102 132 10 843 798 701
17 0 45 0 13 16 149 164 179 209 10 549 520 456
18 44 5 0 0 16 87 102 117 147 10 205 194 170
19 42 10 36 16 0 72 87 102 132 10 273 258 227
20 42 15 0 7 7 122 137 152 182 10 477 452 397
21 40 5 0 8 0 67 82 97 127 10 153 145 127
22 40 15 34 23 40 92 107 122 152 10 715 677 595
23 38 5 0 26 7 65 80 95 125 10 614 581 510
24 38 15 2 0 1 148 163 178 208 10 318 301 264
25 35 5 13 19 15 154 169 184 214 10 925 877 769
26 95 30 22 14 20 115 130 145 175 10 1196 1133 995
27 95 35 6 2 12 62 77 92 122 10 1165 1104 969
28 92 30 7 3 5 62 77 92 122 10 1139 1079 947
29 90 35 2 6 10 67 82 97 127 10 1067 1011 887
30 88 30 1 2 1 74 89 104 134 10 1063 1007 884
31 88 35 16 3 17 61 76 91 121 10 1028 974 855
32 87 30 10 3 6 131 146 161 191 10 1044 989 868
33 85 25 4 5 4 51 66 81 111 10 1052 997 875
34 85 35 1 7 11 111 126 141 171 10 970 918 806
35 67 85 14 12 8 139 154 169 199 10 904 856 751
36 65 85 0 12 4 43 58 73 103 10 586 555 487
37 65 82 0 8 10 124 139 154 184 10 553 524 460
38 62 80 0 13 27 75 90 105 135 10 507 480 421
39 60 80 2 0 0 37 52 67 97 10 81 77 68
40 60 85 0 10 29 85 100 115 145 10 549 520 456
41 58 75 14 6 5 92 107 122 152 10 630 596 523
42 55 80 9 2 2 33 48 63 93 10 685 649 570
43 55 85 0 14 1 128 143 158 188 10 519 491 431
44 55 82 0 2 3 64 79 94 124 10 481 456 400
45 20 82 0 7 4 37 52 67 97 10 514 487 427
46 18 80 1 0 8 113 128 143 173 10 338 320 281
47 2 45 4 0 8 45 60 75 105 10 348 329 289
48 42 5 10 5 6 151 166 181 211 10 921 872 765
49 42 12 9 0 3 104 119 134 164 10 345 327 287
50 72 35 15 2 5 116 131 146 176 10 722 684 600
51 55 20 6 5 13 83 98 113 143 10 685 649 570
52 25 30 0 0 1 52 67 82 112 10 113 107 94
53 20 50 3 0 2 91 106 121 151 10 181 172 151
54 55 60 12 9 7 139 154 169 199 10 368 349 306
55 30 60 8 5 0 140 155 170 200 10 96 91 80
56 50 35 3 0 3 130 145 160 190 10 163 155 136
57 30 25 0 18 16 96 111 126 156 10 367 347 305
58 15 10 15 20 14 152 167 182 212 10 964 913 802
59 10 20 4 3 8 42 57 72 102 10 867 821 721
60 15 60 10 7 17 155 170 185 215 10 550 521 457
61 45 65 1 0 6 66 81 96 126 10 143 136 119
62 65 35 2 0 2 52 67 82 112 10 265 251 220
63 65 20 4 2 0 39 54 69 99 10 266 252 221
64 45 30 2 17 12 53 68 83 113 10 421 399 350
65 35 40 16 6 2 11 26 41 71 10 228 216 190
66 41 37 1 16 9 133 148 163 193 10 266 252 221
67 64 42 8 5 2 70 85 100 130 10 517 490 430
68 40 60 20 21 13 144 159 174 204 10 204 193 170
69 31 52 19 17 24 41 56 71 101 10 188 178 156
70 35 69 5 21 11 180 195 210 240 10 401 380 334
71 65 55 9 2 5 65 80 95 125 10 521 493 433
72 63 65 8 0 5 30 45 60 90 10 249 236 207
73 2 60 1 5 3 77 92 107 137 10 803 761 668
74 20 20 1 6 0 141 156 171 201 10 245 232 204
75 5 5 12 3 4 74 89 104 134 10 1165 1104 969
76 60 12 21 0 3 75 90 105 135 10 390 369 324
77 23 3 3 4 1 150 165 180 210 10 1022 968 849
78 8 56 27 22 22 90 105 120 150 10 665 630 553
79 6 68 23 10 0 89 104 119 149 10 262 248 218
80 47 47 1 11 11 192 207 222 252 10 155 147 129
81 49 58 10 7 4 86 101 116 146 10 246 233 204
82 27 43 3 0 3 42 57 72 102 10 134 127 111
83 37 31 0 0 12 35 50 65 95 10 87 82 72
84 57 29 2 17 6 96 111 126 156 10 552 523 459
85 63 23 0 0 1 87 102 117 147 10 161 152 134
86 21 24 14 7 8 87 102 117 147 10 658 623 547
87 12 24 0 4 2 90 105 120 150 10 520 493 433
88 24 58 3 0 19 67 82 97 127 10 162 154 135
89 67 5 22 6 24 144 159 174 204 10 1073 1016 892
90 37 47 5 0 2 86 101 116 146 10 38 36 32
91 49 42 10 8 7 167 182 197 227 10 246 233 204
92 53 43 9 2 14 14 29 44 74 10 301 286 251
93 61 52 2 0 0 178 193 208 238 10 47 45 39
94 57 48 0 18 14 95 110 125 155 10 233 221 194
95 56 37 0 2 0 34 49 64 94 10 70 66 58
96 55 54 13 7 8 132 147 162 192 10 317 300 263
97 4 18 3 7 32 120 135 150 180 10 985 933 819
98 26 52 1 5 5 46 61 76 106 10 289 273 240
99 26 35 12 13 14 77 92 107 137 10 419 397 348
100 31 67 1 1 2 180 195 210 240 10 393 372 327
0 40 50 0 0 0 0 240 240 240 0 0 0 0
