customer xCoord yCoord demandWasteType1 demandWasteType2 demandWasteType3 readyTime dueDateNarrow dueDate dueDateWide service bidNarrow bid bidWide
0 35 35 0 0 0 0 230 230 230 0 0 0 0
1 41 49 7 1 10 161 166 171 181 10 29 26 22
2 35 17 2 0 3 50 55 60 70 10 304 279 241
3 55 45 13 11 7 116 121 126 136 10 324 297 257
4 55 20 7 13 9 149 154 159 169 10 688 631 545
5 15 30 0 0 10 34 39 44 54 10 145 133 115
6 25 30 3 0 0 99 104 109 119 10 56 52 45
7 20 50 5 5 1 81 86 91 101 10 410 376 325
8 10 43 8 5 6 95 100 105 115 10 632 579 500
9 55 60 12 6 15 97 102 107 117 10 369 339 293
10 30 60 13 11 5 124 129 134 144 10 290 266 229
11 20 65 0 11 4 67 72 77 87 10 341 313 270
12 50 35 17 0 5 63 68 73 83 10 164 150 130
13 30 25 0 20 0 159 164 169 179 10 92 84 72
14 15 10 16 14 15 32 37 42 52 10 967 887 766
15 30 5 8 8 8 61 66 71 81 10 945 867 749
16 10 20 3 16 7 75 80 85 95 10 870 798 689
17 5 30 0 1 0 157 162 167 177 10 137 126 109
18 20 40 10 1 1 87 92 97 107 10 458 420 363
19 15 60 16 0 0 76 81 86 96 10 61 56 48
20 45 65 8 0 6 126 131 136 146 10 144 132 114
21 45 20 4 0 4 62 67 72 82 10 277 254 219
22 45 10 17 14 16 97 102 107 117 10 827 758 655
23 55 5 29 14 0 68 73 78 88 10 324 297 257
24 65 35 2 2 0 153 158 163 173 10 199 182 158
25 65 20 4 0 0 172 177 182 192 10 89 81 70
26 45 30 13 5 0 132 137 142 152 10 140 129 111
27 35 40 5 13 8 37 42 47 57 10 229 210 181
28 41 37 2 4 4 39 44 49 59 10 267 245 211
29 64 42 4 7 4 63 68 73 83 10 519 476 411
30 40 60 10 17 17 71 76 81 91 10 205 188 162
31 31 52 25 25 27 50 55 60 70 10 189 173 149
32 35 69 12 14 8 141 146 151 161 10 403 369 319
33 53 52 5 8 7 37 42 47 57 10 269 247 213
34 65 55 0 9 10 117 122 127 137 10 348 319 276
35 63 65 8 6 1 143 148 153 163 10 563 516 446
36 2 60 5 0 4 41 46 51 61 10 358 328 283
37 20 20 0 0 1 134 139 144 154 10 164 150 130
38 5 5 13 2 3 83 88 93 103 10 1169 1072 926
39 60 12 3 27 0 44 49 54 64 10 293 269 232
40 40 25 8 3 7 85 90 95 105 10 512 470 406
41 42 7 5 3 1 97 102 107 117 10 883 809 699
42 24 12 1 3 5 31 36 41 51 10 845 775 670
43 23 3 5 3 6 132 137 142 152 10 1025 940 812
44 11 14 17 12 7 69 74 79 89 10 948 869 751
45 6 38 16 11 6 32 37 42 52 10 739 678 586
46 2 48 0 1 0 117 122 127 137 10 130 119 103
47 8 56 14 19 18 51 56 61 71 10 668 612 529
48 13 52 3 20 10 165 170 175 185 10 555 509 440
49 6 68 3 30 26 108 113 118 128 10 789 723 625
50 47 47 12 0 7 124 129 134 144 10 69 63 55
51 49 58 8 2 3 88 93 98 108 10 247 226 195
52 27 43 9 8 0 52 57 62 72 10 100 92 80
53 37 31 4 7 5 95 100 105 115 10 394 361 312
54 57 29 0 16 2 140 145 150 160 10 369 338 292
55 63 23 0 1 0 136 141 146 156 10 121 111 96
56 53 12 6 0 0 130 135 140 150 10 91 83 72
57 32 12 1 0 0 101 106 111 121 10 88 81 70
58 36 26 4 14 0 200 205 210 220 10 166 152 131
59 21 24 0 9 5 18 23 28 38 10 440 403 349
60 17 34 3 3 0 162 167 172 182 10 191 175 151
61 12 24 12 13 6 76 81 86 96 10 783 718 621
62 24 58 1 11 18 58 63 68 78 10 367 336 290
63 27 69 0 0 1 34 39 44 54 10 104 96 83
64 15 77 9 0 8 73 78 83 93 10 335 307 265
65 62 77 10 0 14 51 56 61 71 10 317 291 251
66 49 73 2 6 1 127 132 137 147 10 506 464 401
67 67 5 6 2 4 83 88 93 103 10 1076 987 853
68 56 39 7 10 20 142 147 152 162 10 398 365 315
69 37 47 1 0 2 50 55 60 70 10 38 35 30
70 37 56 0 0 4 182 187 192 202 10 30 28 24
71 57 68 3 1 0 77 82 87 97 10 169 155 134
72 47 16 6 20 4 35 40 45 55 10 712 653 564
73 44 17 3 6 0 78 83 88 98 10 227 208 180
74 46 13 0 0 1 149 154 159 169 10 170 156 135
75 49 11 14 12 15 69 74 79 89 10 821 753 650
76 49 42 9 5 3 73 78 83 93 10 247 226 195
77 53 43 9 14 0 179 184 189 199 10 100 92 80
78 61 52 0 1 3 96 101 106 116 10 288 264 228
79 57 48 22 4 17 92 97 102 112 10 351 322 278
80 56 37 0 5 0 182 187 192 202 10 70 64 55
81 55 54 26 11 0 94 99 104 114 10 106 97 84
82 15 47 2 4 8 55 60 65 75 10 516 473 409
83 14 37 10 0 7 44 49 54 64 10 265 243 210
84 11 31 4 4 0 101 106 111 121 10 237 217 187
85 16 22 40 22 6 91 96 101 111 10 756 693 599
86 4 18 16 27 0 94 99 104 114 10 329 302 261
87 28 18 12 1 14 93 98 103 113 10 701 643 555
88 26 52 1 0 4 74 79 84 94 10 128 118 102
89 26 35 3 7 15 176 181 186 196 10 420 386 333
90 31 67 0 0 1 95 100 105 115 10 87 80 69
91 15 19 1 0 1 160 165 170 180 10 363 333 287
92 22 22 1 0 0 18 23 28 38 10 75 69 60
93 18 24 4 9 4 188 193 198 208 10 698 640 553
94 26 27 1 8 21 100 105 110 120 10 552 506 437
95 25 24 1 12 16 39 44 49 59 10 615 564 488
96 22 27 10 10 8 135 140 145 155 10 599 549 474
97 25 21 0 9 0 133 138 143 153 10 111 102 88
98 19 21 8 0 0 58 63 68 78 10 81 74 64
99 20 26 2 0 8 83 88 93 103 10 284 261 225
100 18 18 17 2 4 185 190 195 205 10 796 730 631
0 35 35 0 0 0 0 230 230 230 0 0 0 0
