customer xCoord yCoord demandWasteType1 demandWasteType2 demandWasteType3 readyTime dueDateNarrow dueDate dueDateWide service bidNarrow bid bidWide
0 40 50 0 0 0 0 1236 1236 1236 0 0 0 0
1 45 68 5 0 8 0 563 1127 2254 90 164 159 135
2 45 70 9 10 25 0 562 1125 2250 90 408 395 336
3 42 66 9 5 1 0 564 1129 2258 90 319 309 262
4 42 68 0 7 0 727 754 782 837 90 59 57 49
5 42 65 0 4 7 0 565 1130 2260 90 199 193 164
6 40 69 19 15 12 621 661 702 783 90 376 364 309
7 40 66 17 18 3 0 565 1130 2260 90 317 306 260
8 38 68 19 4 5 255 289 324 393 90 358 347 295
9 38 70 0 10 3 534 569 605 676 90 265 256 218
10 35 66 6 4 9 357 383 410 463 90 332 321 273
11 35 69 5 6 6 448 476 505 562 90 389 376 320
12 25 85 13 11 15 0 553 1107 2214 90 754 730 620
13 22 75 27 10 30 30 61 92 154 90 610 590 502
14 22 85 3 0 9 567 593 620 673 90 346 335 285
15 20 80 12 7 6 384 406 429 474 90 714 691 587
16 20 85 14 16 0 475 501 528 581 90 266 257 219
17 18 75 16 15 15 99 123 148 197 90 660 638 542
18 15 75 7 3 6 179 216 254 329 90 700 677 576
19 15 80 6 1 1 278 311 345 412 90 773 748 636
20 30 50 1 8 7 10 41 73 136 90 198 191 163
21 30 52 15 3 12 0 567 1135 2270 90 202 195 166
22 28 52 19 6 20 812 847 883 954 90 241 233 198
23 28 55 6 3 1 732 754 777 822 90 257 249 211
24 25 50 0 5 0 65 104 144 223 90 49 47 40
25 25 52 20 24 34 169 196 224 279 90 299 290 246
26 25 55 10 7 7 0 565 1130 2260 90 313 303 257
27 23 52 10 5 9 261 288 316 371 90 339 328 279
28 23 55 7 12 16 546 569 593 640 90 351 339 288
29 20 50 9 7 4 358 381 405 452 90 396 383 326
30 20 55 5 10 0 449 476 504 559 90 136 131 112
31 10 35 5 12 0 0 556 1112 2224 90 221 214 182
32 10 40 29 22 15 31 65 100 169 90 626 606 515
33 8 40 16 0 30 87 122 158 229 90 295 285 242
34 8 45 7 7 16 0 556 1113 2226 90 641 620 528
35 5 35 6 6 0 283 313 344 405 90 251 243 206
36 5 45 0 0 10 665 690 716 767 90 155 150 128
37 2 40 16 17 15 0 553 1106 2212 90 778 753 640
38 0 40 11 0 14 479 500 522 565 90 363 351 298
39 0 45 10 4 1 567 595 624 681 90 798 772 657
40 35 30 9 0 3 264 292 321 378 90 181 175 149
41 35 32 0 9 2 166 200 235 304 90 246 238 203
42 33 32 12 9 5 68 108 149 230 90 382 370 314
43 33 35 3 9 7 16 48 80 144 90 328 317 269
44 32 30 3 0 0 359 385 412 465 90 47 45 39
45 30 30 7 6 7 541 570 600 659 90 443 428 364
46 30 32 23 16 6 448 478 509 570 90 408 394 335
47 30 35 0 5 7 1054 1090 1127 1200 90 238 230 195
48 28 30 2 2 3 0 561 1122 2244 90 462 447 380
49 28 35 0 4 8 1001 1033 1066 1131 90 253 245 208
50 26 32 5 5 0 0 561 1123 2246 90 150 145 123
51 25 30 5 5 4 725 755 786 847 90 495 479 407
52 25 35 8 7 7 0 562 1124 2248 90 420 406 345
53 44 5 6 14 10 286 316 347 408 90 895 866 736
54 42 10 25 2 8 186 221 257 328 90 793 767 652
55 42 15 7 0 8 95 126 158 221 90 308 298 254
56 40 5 7 17 24 385 410 436 487 90 891 862 733
57 40 15 7 8 31 35 61 87 139 90 693 671 570
58 38 5 10 8 23 471 502 534 597 90 892 863 734
59 38 15 5 10 4 0 555 1110 2220 90 694 672 571
60 35 5 11 0 4 562 595 629 696 90 398 385 328
61 50 30 9 5 0 531 570 610 689 90 147 142 121
62 50 35 2 3 2 262 289 317 372 90 357 345 293
63 50 40 33 10 24 171 194 218 265 90 280 271 230
64 48 30 0 5 6 632 662 693 754 90 284 275 234
65 48 40 3 5 0 76 102 129 182 90 84 81 69
66 47 35 8 1 6 826 850 875 924 90 328 317 269
67 47 40 7 2 7 12 44 77 142 90 241 234 199
68 45 30 0 6 3 734 755 777 820 90 272 263 224
69 45 35 10 10 0 916 942 969 1022 90 104 101 85
70 95 30 23 0 17 387 421 456 525 90 515 498 424
71 95 35 6 3 0 293 326 360 427 90 376 364 309
72 53 30 2 10 1 0 561 1122 2244 90 472 457 388
73 92 30 0 6 0 478 514 551 624 90 184 178 151
74 53 35 1 35 47 353 382 412 471 90 393 380 323
75 45 65 6 15 0 0 565 1130 2260 90 104 101 85
76 90 35 9 10 7 203 231 260 317 90 1034 1000 851
77 88 30 4 0 10 574 608 643 712 90 458 443 376
78 88 35 16 20 10 109 139 170 231 90 996 964 819
79 87 30 0 4 9 668 699 731 794 90 674 652 555
80 85 25 9 4 9 769 794 820 871 90 1020 986 839
81 85 35 10 6 27 47 85 124 201 90 940 909 773
82 75 55 3 15 19 0 555 1110 2220 90 700 677 576
83 72 55 0 5 10 0 556 1113 2226 90 427 413 352
84 70 58 20 15 0 458 490 523 588 90 205 198 168
85 68 60 15 1 15 0 558 1116 2232 90 589 570 484
86 66 55 3 9 2 173 205 238 303 90 524 507 431
87 65 55 0 12 0 85 114 144 203 90 84 81 69
88 65 60 4 5 2 645 676 708 771 90 533 516 439
89 63 58 5 8 5 737 769 802 867 90 482 466 397
90 60 55 6 8 8 20 52 84 148 90 408 395 336
91 60 60 8 0 7 0 561 1123 2246 90 196 190 162
92 67 85 3 6 0 368 404 441 514 90 292 282 240
93 65 85 21 15 28 475 496 518 561 90 852 824 701
94 65 82 0 0 10 0 552 1105 2210 90 178 173 147
95 62 80 18 0 28 0 554 1108 2216 90 327 316 269
96 60 80 10 3 0 0 554 1109 2218 90 238 230 195
97 60 85 28 25 0 561 591 622 683 90 266 257 219
98 58 75 7 1 4 0 557 1115 2230 90 610 590 502
99 55 80 3 7 0 743 781 820 897 90 221 214 182
100 55 85 13 11 4 647 686 726 805 90 754 730 620
0 40 50 0 0 0 0 1236 1236 1236 0 0 0 0
