customer xCoord yCoord demandWasteType1 demandWasteType2 demandWasteType3 readyTime dueDateNarrow dueDate dueDateWide service bidNarrow bid bidWide
0 40 50 0 0 0 0 1236 1236 1236 0 0 0 0
1 45 68 8 4 7 912 939 967 1022 90 371 344 322
2 45 70 14 0 9 825 847 870 915 90 182 169 158
3 42 66 5 0 1 65 105 146 227 90 142 132 123
4 42 68 6 2 0 727 754 782 837 90 119 111 104
5 42 65 3 7 4 15 41 67 119 90 300 279 261
6 40 69 13 4 1 621 661 702 783 90 377 350 328
7 40 66 0 16 0 170 197 225 280 90 52 49 46
8 38 68 11 0 0 255 289 324 393 90 39 37 34
9 38 70 4 1 9 534 569 605 676 90 399 370 347
10 35 66 2 8 6 357 383 410 463 90 333 309 289
11 35 69 10 4 9 448 476 505 562 90 390 362 339
12 25 85 19 2 13 652 686 721 790 90 756 702 658
13 22 75 6 17 0 30 61 92 154 90 204 189 177
14 22 85 10 0 4 567 593 620 673 90 347 322 302
15 20 80 38 0 0 384 406 429 474 90 79 73 69
16 20 85 7 0 34 475 501 528 581 90 355 330 309
17 18 75 19 15 7 99 123 148 197 90 661 614 575
18 15 75 0 3 7 179 216 254 329 90 468 435 407
19 15 80 8 8 10 278 311 345 412 90 775 720 674
20 30 50 1 9 4 10 41 73 136 90 198 184 172
21 30 52 11 19 19 914 939 965 1016 90 202 188 176
22 28 52 5 9 0 812 847 883 954 90 80 74 70
23 28 55 7 0 6 732 754 777 822 90 114 106 99
24 25 50 6 4 4 65 104 144 223 90 298 276 259
25 25 52 0 23 23 169 196 224 279 90 200 186 174
26 25 55 9 10 9 622 661 701 780 90 314 291 273
27 23 52 0 1 10 261 288 316 371 90 226 210 197
28 23 55 20 13 0 546 569 593 640 90 117 109 102
29 20 50 0 7 0 358 381 405 452 90 66 61 57
30 20 55 5 0 2 449 476 504 559 90 182 169 158
31 10 35 0 3 13 200 218 237 274 90 444 412 386
32 10 40 6 4 9 31 65 100 169 90 628 583 546
33 8 40 14 0 9 87 122 158 229 90 296 274 257
34 8 45 0 16 13 751 783 816 881 90 428 398 373
35 5 35 1 0 10 283 313 344 405 90 336 312 292
36 5 45 6 10 10 665 690 716 767 90 702 652 611
37 2 40 17 4 4 383 408 434 485 90 780 725 679
38 0 40 5 0 20 479 500 522 565 90 364 338 316
39 0 45 7 7 16 567 595 624 681 90 800 743 696
40 35 30 6 1 7 264 292 321 378 90 409 380 356
41 35 32 0 5 7 166 200 235 304 90 247 229 215
42 33 32 19 4 16 68 108 149 230 90 383 356 333
43 33 35 5 3 4 16 48 80 144 90 328 305 286
44 32 30 0 10 6 359 385 412 465 90 285 265 248
45 30 30 3 5 6 541 570 600 659 90 444 412 386
46 30 32 3 11 16 448 478 509 570 90 409 380 355
47 30 35 5 10 0 1054 1090 1127 1200 90 119 110 103
48 28 30 0 8 1 632 662 693 754 90 308 286 268
49 28 35 0 5 5 1001 1033 1066 1131 90 254 236 221
50 26 32 3 8 7 815 847 880 945 90 453 420 394
51 25 30 3 3 7 725 755 786 847 90 496 461 432
52 25 35 3 0 4 912 940 969 1026 90 187 174 162
53 44 5 7 18 18 286 316 347 408 90 897 833 780
54 42 10 3 19 24 186 221 257 328 90 795 739 692
55 42 15 10 6 1 95 126 158 221 90 696 646 605
56 40 5 26 0 13 385 410 436 487 90 397 369 345
57 40 15 36 25 0 35 61 87 139 90 231 215 201
58 38 5 0 24 27 471 502 534 597 90 596 554 518
59 38 15 4 9 5 651 695 740 829 90 696 646 605
60 35 5 8 13 19 562 595 629 696 90 899 835 782
61 50 30 2 0 7 531 570 610 689 90 197 183 171
62 50 35 14 3 19 262 289 317 372 90 358 332 311
63 50 40 11 0 27 171 194 218 265 90 124 116 108
64 48 30 1 9 3 632 662 693 754 90 427 397 372
65 48 40 3 9 0 76 102 129 182 90 84 78 73
66 47 35 6 3 1 826 850 875 924 90 328 305 286
67 47 40 10 5 0 12 44 77 142 90 80 75 70
68 45 30 4 1 6 734 755 777 820 90 409 380 356
69 45 35 4 1 7 916 942 969 1022 90 314 291 273
70 95 30 15 4 0 387 421 456 525 90 387 360 337
71 95 35 0 10 14 293 326 360 427 90 755 701 656
72 53 30 0 0 1 450 477 505 560 90 105 97 91
73 92 30 5 3 5 478 514 551 624 90 1106 1028 962
74 53 35 39 0 44 353 382 412 471 90 175 162 152
75 45 65 10 0 10 997 1032 1068 1139 90 139 129 121
76 90 35 10 10 8 203 231 260 317 90 1037 963 902
77 88 30 7 3 5 574 608 643 712 90 1033 959 898
78 88 35 9 7 19 109 139 170 231 90 999 928 869
79 87 30 7 8 3 668 699 731 794 90 1014 942 882
80 85 25 1 5 8 769 794 820 871 90 1022 950 889
81 85 35 5 29 13 47 85 124 201 90 942 875 819
82 75 55 1 0 7 369 394 420 471 90 312 290 271
83 72 55 0 10 8 265 301 338 411 90 428 398 373
84 70 58 18 15 5 458 490 523 588 90 616 573 536
85 68 60 1 0 0 555 583 612 669 90 65 60 57
86 66 55 9 5 0 173 205 238 303 90 175 162 152
87 65 55 11 2 15 85 114 144 203 90 506 470 440
88 65 60 23 30 12 645 676 708 771 90 534 496 465
89 63 58 8 1 6 737 769 802 867 90 483 449 420
90 60 55 10 8 0 20 52 84 148 90 136 126 118
91 60 60 5 1 1 836 862 889 942 90 444 412 386
92 67 85 3 11 20 368 404 441 514 90 878 815 763
93 65 85 0 0 10 475 496 518 561 90 189 176 165
94 65 82 0 5 10 285 310 336 387 90 537 499 467
95 62 80 4 0 21 196 217 239 282 90 328 305 285
96 60 80 10 0 5 95 125 156 217 90 318 295 276
97 60 85 27 13 7 561 591 622 683 90 800 743 696
98 58 75 16 2 11 30 57 84 138 90 612 568 532
99 55 80 2 3 1 743 781 820 897 90 666 619 579
100 55 85 10 17 18 647 686 726 805 90 756 702 658
0 40 50 0 0 0 0 1236 1236 1236 0 0 0 0
