customer xCoord yCoord demandWasteType1 demandWasteType2 demandWasteType3 readyTime dueDateNarrow dueDate dueDateWide service bidNarrow bid bidWide
0 40 50 0 0 0 0 1236 1236 1236 0 0 0 0
1 45 68 8 4 3 0 563 1127 2254 90 390 346 325
2 45 70 15 23 3 0 562 1125 2250 90 431 382 358
3 42 66 8 8 9 0 564 1129 2258 90 337 299 280
4 42 68 10 3 4 727 754 782 837 90 378 336 315
5 42 65 0 3 7 0 565 1130 2260 90 211 187 175
6 40 69 7 20 20 621 661 702 783 90 397 352 330
7 40 66 15 12 5 0 565 1130 2260 90 334 297 278
8 38 68 2 13 2 255 289 324 393 90 378 336 315
9 38 70 1 2 0 534 569 605 676 90 140 124 116
10 35 66 7 9 10 357 383 410 463 90 350 311 291
11 35 69 9 5 0 448 476 505 562 90 137 121 113
12 25 85 11 18 2 0 553 1107 2214 90 796 707 662
13 22 75 0 6 29 30 61 92 154 90 429 381 357
14 22 85 1 0 3 0 553 1106 2212 90 365 324 304
15 20 80 16 18 34 384 406 429 474 90 754 669 627
16 20 85 0 17 27 0 552 1105 2210 90 562 498 467
17 18 75 1 9 4 99 123 148 197 90 696 618 579
18 15 75 10 6 18 0 555 1110 2220 90 739 656 615
19 15 80 1 4 5 0 553 1106 2212 90 816 725 679
20 30 50 10 7 0 0 568 1136 2272 90 69 61 58
21 30 52 6 0 4 0 567 1135 2270 90 94 84 78
22 28 52 15 0 18 812 847 883 954 90 113 100 94
23 28 55 0 5 5 732 754 777 822 90 181 160 150
24 25 50 9 8 8 0 565 1131 2262 90 313 278 261
25 25 52 15 3 25 169 196 224 279 90 316 280 263
26 25 55 0 6 2 0 565 1130 2260 90 220 195 183
27 23 52 0 1 6 261 288 316 371 90 238 211 198
28 23 55 16 6 18 0 564 1128 2256 90 370 329 308
29 20 50 7 3 7 0 563 1126 2252 90 418 371 348
30 20 55 6 3 1 449 476 504 559 90 431 382 358
31 10 35 18 12 16 0 556 1112 2224 90 701 622 583
32 10 40 7 3 26 0 557 1114 2228 90 661 587 550
33 8 40 36 37 19 87 122 158 229 90 701 622 583
34 8 45 13 0 5 0 556 1113 2226 90 301 267 250
35 5 35 2 6 10 283 313 344 405 90 796 707 662
36 5 45 7 8 6 665 690 716 767 90 739 656 615
37 2 40 2 19 9 0 553 1106 2212 90 822 729 683
38 0 40 11 10 16 479 500 522 565 90 862 765 717
39 0 45 16 0 0 567 595 624 681 90 93 83 77
40 35 30 3 9 3 264 292 321 378 90 431 382 358
41 35 32 5 2 1 166 200 235 304 90 390 346 325
42 33 32 1 8 5 68 108 149 230 90 404 358 336
43 33 35 0 3 5 0 564 1129 2258 90 230 204 192
44 32 30 5 0 0 359 385 412 465 90 50 44 41
45 30 30 4 6 0 541 570 600 659 90 155 138 129
46 30 32 27 28 2 0 562 1125 2250 90 430 382 358
47 30 35 3 1 4 0 563 1127 2254 90 377 334 313
48 28 30 10 0 4 0 561 1122 2244 90 216 192 180
49 28 35 6 0 9 1001 1033 1066 1131 90 178 158 148
50 26 32 0 10 9 0 561 1123 2246 90 318 282 264
51 25 30 1 4 9 0 560 1121 2242 90 522 464 435
52 25 35 0 10 6 0 562 1124 2248 90 295 262 246
53 44 5 6 0 4 286 316 347 408 90 420 372 349
54 42 10 32 3 4 0 552 1105 2210 90 837 743 696
55 42 15 0 1 0 95 126 158 221 90 122 108 101
56 40 5 0 3 15 385 410 436 487 90 627 557 522
57 40 15 37 15 22 0 555 1111 2222 90 732 649 609
58 38 5 3 29 1 471 502 534 597 90 942 836 783
59 38 15 2 4 4 0 555 1110 2220 90 733 650 610
60 35 5 14 15 0 0 550 1100 2200 90 315 280 262
61 50 30 7 5 4 0 561 1123 2246 90 467 415 389
62 50 35 15 0 20 262 289 317 372 90 167 148 139
63 50 40 45 20 9 0 565 1131 2262 90 295 262 246
64 48 30 4 10 2 632 662 693 754 90 450 399 374
65 48 40 6 0 6 76 102 129 182 90 119 105 99
66 47 35 0 7 9 826 850 875 924 90 230 204 192
67 47 40 9 4 9 12 44 77 142 90 255 226 212
68 45 30 8 4 8 734 755 777 820 90 431 382 358
69 45 35 9 4 3 916 942 969 1022 90 330 293 275
70 95 30 12 19 7 387 421 456 525 90 1224 1086 1018
71 95 35 15 13 14 0 544 1088 2176 90 1192 1058 992
72 53 30 8 7 0 0 561 1122 2244 90 166 147 138
73 92 30 0 5 6 0 545 1090 2180 90 777 689 646
74 53 35 0 19 45 353 382 412 471 90 276 245 230
75 45 65 0 20 13 0 565 1130 2260 90 220 195 183
76 90 35 2 1 8 203 231 260 317 90 1092 969 908
77 88 30 3 3 4 574 608 643 712 90 1087 965 904
78 88 35 0 17 3 109 139 170 231 90 701 622 583
79 87 30 1 1 3 668 699 731 794 90 1068 948 888
80 85 25 2 7 3 769 794 820 871 90 1076 955 895
81 85 35 12 13 2 0 549 1098 2196 90 992 880 825
82 75 55 12 19 0 0 555 1110 2220 90 246 218 205
83 72 55 4 1 3 0 556 1113 2226 90 677 601 563
84 70 58 3 9 20 458 490 523 588 90 649 576 540
85 68 60 4 17 15 0 558 1116 2232 90 621 552 517
86 66 55 7 1 8 0 559 1119 2238 90 553 491 460
87 65 55 3 0 5 85 114 144 203 90 237 210 197
88 65 60 21 0 8 645 676 708 771 90 250 222 208
89 63 58 1 4 0 0 560 1121 2242 90 169 150 141
90 60 55 0 5 10 0 562 1125 2250 90 287 255 239
91 60 60 10 0 1 0 561 1123 2246 90 207 184 172
92 67 85 1 13 13 368 404 441 514 90 924 820 769
93 65 85 36 12 24 475 496 518 561 90 899 798 748
94 65 82 8 3 8 0 552 1105 2210 90 849 754 706
95 62 80 28 21 12 0 554 1108 2216 90 778 690 647
96 60 80 2 2 8 0 554 1109 2218 90 754 669 627
97 60 85 24 3 29 0 552 1105 2210 90 843 748 701
98 58 75 16 18 0 0 557 1115 2230 90 214 190 178
99 55 80 6 9 2 743 781 820 897 90 701 622 583
100 55 85 11 11 1 647 686 726 805 90 796 707 662
0 40 50 0 0 0 0 1236 1236 1236 0 0 0 0
