customer xCoord yCoord demandWasteType1 demandWasteType2 demandWasteType3 readyTime dueDateNarrow dueDate dueDateWide service bidNarrow bid bidWide
0 35 35 0 0 0 0 230 230 230 0 0 0 0
1 41 49 7 0 3 0 102 204 408 10 13 12 10
2 35 17 3 7 0 0 101 202 404 10 237 215 191
3 55 45 8 9 5 0 98 197 394 10 336 305 272
4 55 20 0 0 3 149 154 159 169 10 158 144 128
5 15 30 0 10 17 0 99 199 398 10 454 412 367
6 25 30 3 1 0 99 104 109 119 10 177 161 143
7 20 50 0 2 0 0 99 198 396 10 71 64 57
8 10 43 1 4 8 95 100 105 115 10 656 595 530
9 55 60 5 5 2 97 102 107 117 10 384 348 310
10 30 60 12 4 16 124 129 134 144 10 301 273 243
11 20 65 5 10 0 67 72 77 87 10 177 161 143
12 50 35 16 0 18 0 102 205 410 10 170 155 137
13 30 25 14 11 23 159 164 169 179 10 573 520 463
14 15 10 0 11 18 0 93 187 374 10 670 608 541
15 30 5 0 2 3 61 66 71 81 10 654 594 528
16 10 20 8 0 18 0 95 190 380 10 401 364 324
17 5 30 0 1 2 157 162 167 177 10 572 519 462
18 20 40 1 9 7 0 102 204 408 10 476 432 384
19 15 60 14 11 15 0 93 187 374 10 573 520 463
20 45 65 1 8 1 0 94 188 376 10 336 305 272
21 45 20 10 0 3 0 100 201 402 10 288 261 232
22 45 10 2 0 13 97 102 107 117 10 381 346 308
23 55 5 23 14 0 68 73 78 88 10 336 305 272
24 65 35 3 1 3 0 95 190 380 10 621 564 501
25 65 20 5 6 4 172 177 182 192 10 832 755 672
26 45 30 14 12 14 0 104 208 416 10 439 398 354
27 35 40 4 0 3 37 42 47 57 10 105 96 85
28 41 37 1 0 12 0 106 213 426 10 123 112 99
29 64 42 2 7 9 0 95 190 380 10 539 489 435
30 40 60 3 9 2 71 76 81 91 10 213 193 172
31 31 52 14 13 14 0 101 202 404 10 196 178 158
32 35 69 17 21 6 0 93 186 372 10 418 380 338
33 53 52 8 2 6 37 42 47 57 10 280 254 226
34 65 55 10 1 5 0 91 183 366 10 543 493 438
35 63 65 1 8 3 143 148 153 163 10 585 531 472
36 2 60 4 1 4 41 46 51 61 10 837 760 676
37 20 20 3 0 0 0 99 198 396 10 85 77 68
38 5 5 10 0 0 83 88 93 103 10 135 122 109
39 60 12 28 2 19 44 49 54 64 10 915 830 739
40 40 25 0 4 7 85 90 95 105 10 355 322 286
41 42 7 0 2 4 97 102 107 117 10 611 555 493
42 24 12 0 5 2 31 36 41 51 10 585 531 473
43 23 3 0 7 0 0 92 185 370 10 177 161 143
44 11 14 6 9 17 69 74 79 89 10 985 894 795
45 6 38 3 11 7 32 37 42 52 10 768 697 620
46 2 48 1 0 0 0 92 184 368 10 90 81 72
47 8 56 7 5 14 0 92 185 370 10 693 629 560
48 13 52 25 0 7 0 96 192 384 10 256 232 207
49 6 68 12 14 0 108 113 118 128 10 273 248 220
50 47 47 9 12 13 0 101 203 406 10 162 147 131
51 49 58 6 4 4 0 96 193 386 10 256 232 207
52 27 43 9 0 0 0 104 208 416 10 34 31 28
53 37 31 6 11 8 95 100 105 115 10 409 372 331
54 57 29 2 0 0 0 98 197 394 10 63 58 51
55 63 23 1 2 1 136 141 146 156 10 755 686 610
56 53 12 0 0 6 130 135 140 150 10 190 172 153
57 32 12 0 5 0 0 98 196 392 10 137 125 111
58 36 26 6 2 1 200 205 210 220 10 518 470 418
59 21 24 24 19 4 0 101 202 404 10 686 622 554
60 17 34 2 1 3 0 100 201 402 10 597 542 482
61 12 24 0 5 1 0 97 194 388 10 542 492 438
62 24 58 19 8 11 58 63 68 78 10 381 346 307
63 27 69 0 6 9 0 92 185 370 10 327 296 264
64 15 77 2 6 5 73 78 83 93 10 784 711 633
65 62 77 8 14 16 51 56 61 71 10 742 673 599
66 49 73 25 24 21 127 132 137 147 10 526 477 425
67 67 5 20 24 20 83 88 93 103 10 1118 1015 903
68 56 39 31 0 2 142 147 152 162 10 183 166 148
69 37 47 6 5 2 50 55 60 70 10 90 82 73
70 37 56 0 0 4 182 187 192 202 10 31 28 25
71 57 68 8 9 8 0 90 180 360 10 527 478 426
72 47 16 18 15 24 0 98 197 394 10 739 671 597
73 44 17 0 5 5 0 99 199 398 10 472 428 381
74 46 13 0 6 8 149 154 159 169 10 532 483 430
75 49 11 16 17 11 0 96 192 384 10 853 774 688
76 49 42 4 9 1 73 78 83 93 10 256 232 207
77 53 43 3 0 2 179 184 189 199 10 139 126 112
78 61 52 3 1 1 96 101 106 116 10 449 408 363
79 57 48 23 16 20 92 97 102 112 10 364 331 294
80 56 37 6 0 3 182 187 192 202 10 195 177 157
81 55 54 9 22 10 0 96 192 384 10 330 300 267
82 15 47 0 16 14 0 98 196 392 10 357 324 288
83 14 37 3 6 8 0 99 198 396 10 619 562 500
84 11 31 7 3 5 101 106 111 121 10 738 670 596
85 16 22 0 19 39 0 98 196 392 10 523 475 423
86 4 18 0 17 15 0 92 184 368 10 684 621 552
87 28 18 23 24 25 93 98 103 113 10 728 661 588
88 26 52 7 3 7 74 79 84 94 10 301 273 243
89 26 35 5 0 12 0 105 211 422 10 194 176 156
90 31 67 3 0 0 0 93 187 374 10 45 41 36
91 15 19 0 1 0 0 97 194 388 10 141 128 114
92 22 22 2 0 0 18 23 28 38 10 78 71 63
93 18 24 3 0 13 188 193 198 208 10 322 292 260
94 26 27 4 5 3 0 103 207 414 10 573 520 463
95 25 24 13 1 15 0 102 205 410 10 639 580 516
96 22 27 8 10 4 0 102 204 408 10 622 565 502
97 25 21 2 5 4 0 101 202 404 10 695 631 561
98 19 21 3 2 3 0 99 198 396 10 763 692 616
99 20 26 8 7 2 83 88 93 103 10 665 604 537
100 18 18 2 12 15 185 190 195 205 10 827 751 668
0 35 35 0 0 0 0 230 230 230 0 0 0 0
