customer xCoord yCoord demandWasteType1 demandWasteType2 demandWasteType3 readyTime dueDateNarrow dueDate dueDateWide service bidNarrow bid bidWide
0 40 50 0 0 0 0 240 240 240 0 0 0 0
1 25 85 15 0 1 0 95 191 382 10 336 322 276
2 22 75 30 22 12 0 99 199 398 10 612 587 503
3 22 85 7 0 0 0 95 190 380 10 86 83 71
4 20 80 19 23 0 141 156 171 201 10 238 229 196
5 20 85 6 6 0 0 94 189 378 10 267 256 219
6 18 75 14 17 18 95 110 125 155 10 662 634 544
7 15 75 9 8 17 0 97 194 388 10 702 673 577
8 15 80 0 0 1 91 106 121 151 10 172 165 141
9 10 35 11 14 13 91 106 121 151 10 666 639 547
10 10 40 14 0 26 119 134 149 179 10 279 267 229
11 8 40 37 18 17 59 74 89 119 10 666 638 547
12 8 45 17 3 8 0 98 197 394 10 643 617 529
13 5 35 0 0 8 142 157 172 202 10 168 161 138
14 5 45 0 0 8 35 50 65 95 10 156 149 128
15 2 40 14 17 14 58 73 88 118 10 781 748 641
16 0 40 13 0 0 72 87 102 132 10 91 87 74
17 0 45 15 14 12 149 164 179 209 10 801 768 658
18 44 5 1 5 12 87 102 117 147 10 898 860 738
19 42 10 21 4 26 72 87 102 132 10 796 763 654
20 42 15 0 10 3 122 137 152 182 10 464 445 381
21 40 5 6 7 4 0 92 185 370 10 894 857 735
22 40 15 4 28 22 92 107 122 152 10 695 667 571
23 38 5 0 0 10 65 80 95 125 10 198 190 163
24 38 15 2 7 7 148 163 178 208 10 696 668 572
25 35 5 15 0 0 154 169 184 214 10 100 95 82
26 95 30 19 11 2 0 85 171 342 10 1163 1115 956
27 95 35 20 17 0 62 77 92 122 10 377 362 310
28 92 30 0 9 0 62 77 92 122 10 184 176 151
29 90 35 4 7 5 67 82 97 127 10 1037 994 852
30 88 30 0 2 8 74 89 104 134 10 689 660 566
31 88 35 16 7 12 0 89 179 358 10 999 958 821
32 87 30 4 1 6 131 146 161 191 10 1015 973 834
33 85 25 2 0 5 51 66 81 111 10 454 436 373
34 85 35 15 0 13 0 91 182 364 10 419 401 344
35 67 85 5 0 13 139 154 169 199 10 390 374 320
36 65 85 30 6 16 43 58 73 103 10 855 819 702
37 65 82 0 6 0 0 94 189 378 10 134 128 110
38 62 80 2 29 0 75 90 105 135 10 246 236 202
39 60 80 0 0 9 37 52 67 97 10 159 152 130
40 60 85 27 0 8 85 100 115 145 10 356 341 292
41 58 75 16 15 10 92 107 122 152 10 612 587 503
42 55 80 1 0 6 33 48 63 93 10 296 284 243
43 55 85 2 20 12 128 143 158 188 10 756 725 622
44 55 82 9 9 8 64 79 94 124 10 702 673 577
45 20 82 6 10 6 37 52 67 97 10 750 719 616
46 18 80 10 0 7 113 128 143 173 10 328 315 270
47 2 45 0 10 3 45 60 75 105 10 507 486 417
48 42 5 3 6 1 0 92 184 368 10 895 858 735
49 42 12 9 8 0 104 119 134 164 10 252 241 207
50 72 35 17 20 22 0 97 194 388 10 702 673 577
51 55 20 4 18 10 83 98 113 143 10 666 639 547
52 25 30 1 2 3 0 102 205 410 10 496 476 408
53 20 50 3 0 0 91 106 121 151 10 44 42 36
54 55 60 11 6 5 139 154 169 199 10 358 343 294
55 30 60 5 5 12 140 155 170 200 10 281 269 231
56 50 35 12 6 8 130 145 160 190 10 358 343 294
57 30 25 22 4 12 96 111 126 156 10 535 513 439
58 15 10 9 3 19 152 167 182 212 10 937 898 770
59 10 20 0 14 17 0 93 187 374 10 562 539 462
60 15 60 0 13 17 155 170 185 215 10 356 342 293
61 45 65 6 3 2 66 81 96 126 10 314 301 258
62 65 35 1 0 3 52 67 82 112 10 257 246 211
63 65 20 5 4 0 39 54 69 99 10 258 248 212
64 45 30 1 8 3 53 68 83 113 10 409 392 336
65 35 40 12 1 11 11 26 41 71 10 222 213 182
66 41 37 7 0 0 133 148 163 193 10 28 27 23
67 64 42 3 2 1 70 85 100 130 10 502 482 413
68 40 60 3 0 20 144 159 174 204 10 88 84 72
69 31 52 12 27 0 41 56 71 101 10 61 58 50
70 35 69 5 0 13 180 195 210 240 10 173 166 142
71 65 55 14 0 12 65 80 95 125 10 225 215 185
72 63 65 8 0 2 0 101 202 404 10 242 232 199
73 2 60 0 0 5 77 92 107 137 10 173 166 142
74 20 20 3 8 0 141 156 171 201 10 238 229 196
75 5 5 8 6 16 0 86 172 344 10 1133 1086 931
76 60 12 17 24 8 75 90 105 135 10 853 818 701
77 23 3 0 7 7 150 165 180 210 10 662 635 544
78 8 56 13 8 5 90 105 120 150 10 647 620 531
79 6 68 15 0 14 89 104 119 149 10 339 325 279
80 47 47 7 2 1 192 207 222 252 10 151 145 124
81 49 58 6 9 8 86 101 116 146 10 239 229 196
82 27 43 1 6 3 0 107 215 430 10 293 281 241
83 37 31 3 10 2 0 105 210 420 10 382 366 314
84 57 29 4 15 14 96 111 126 156 10 537 514 441
85 63 23 1 2 0 0 97 194 388 10 235 225 193
86 21 24 26 17 7 87 102 117 147 10 640 613 526
87 12 24 0 9 5 90 105 120 150 10 506 485 416
88 24 58 0 2 16 67 82 97 127 10 237 227 194
89 67 5 0 24 9 144 159 174 204 10 695 666 571
90 37 47 0 3 1 86 101 116 146 10 56 53 46
91 49 42 7 0 1 0 108 217 434 10 106 101 87
92 53 43 0 7 0 14 29 44 74 10 48 46 40
93 61 52 0 3 0 178 193 208 238 10 69 67 57
94 57 48 1 15 2 0 106 212 424 10 340 326 279
95 56 37 6 0 3 0 104 209 418 10 182 174 149
96 55 54 12 19 15 0 107 214 428 10 308 295 253
97 4 18 4 31 14 120 135 150 180 10 957 917 786
98 26 52 4 1 9 0 107 215 430 10 281 269 231
99 26 35 1 11 5 77 92 107 137 10 407 391 335
100 31 67 1 3 3 180 195 210 240 10 382 366 314
0 40 50 0 0 0 0 240 240 240 0 0 0 0
