customer xCoord yCoord demandWasteType1 demandWasteType2 demandWasteType3 readyTime dueDateNarrow dueDate dueDateWide service bidNarrow bid bidWide
0 35 35 0 0 0 0 230 230 230 0 0 0 0
1 41 49 6 10 2 0 102 204 408 10 28 27 23
2 35 17 2 7 2 0 101 202 404 10 670 640 556
3 55 45 0 13 2 0 98 197 394 10 211 202 175
4 55 20 0 7 12 149 154 159 169 10 449 428 373
5 15 30 0 21 26 0 99 199 398 10 429 409 356
6 25 30 0 2 2 99 104 109 119 10 335 319 278
7 20 50 1 4 2 0 99 198 396 10 402 383 333
8 10 43 2 9 4 95 100 105 115 10 619 590 513
9 55 60 8 1 2 97 102 107 117 10 362 345 300
10 30 60 0 4 5 124 129 134 144 10 189 180 157
11 20 65 0 7 11 67 72 77 87 10 335 319 278
12 50 35 8 10 10 0 102 205 410 10 362 345 300
13 30 25 22 17 12 159 164 169 179 10 541 516 449
14 15 10 3 1 6 32 37 42 52 10 948 904 786
15 30 5 0 8 8 61 66 71 81 10 617 589 512
16 10 20 8 0 2 75 80 85 95 10 379 361 314
17 5 30 1 2 2 157 162 167 177 10 810 773 672
18 20 40 6 7 11 87 92 97 107 10 449 428 373
19 15 60 15 3 15 76 81 86 96 10 541 516 449
20 45 65 5 3 2 126 131 136 146 10 317 303 263
21 45 20 1 3 7 0 100 201 402 10 611 583 507
22 45 10 14 4 17 97 102 107 117 10 810 773 672
23 55 5 2 0 13 68 73 78 88 10 423 404 351
24 65 35 3 2 2 153 158 163 173 10 586 559 486
25 65 20 4 3 1 172 177 182 192 10 785 748 651
26 45 30 10 5 10 0 104 208 416 10 414 395 343
27 35 40 14 8 8 37 42 47 57 10 224 214 186
28 41 37 16 9 4 39 44 49 59 10 262 250 217
29 64 42 8 9 0 63 68 73 83 10 169 161 140
30 40 60 10 0 6 71 76 81 91 10 89 85 74
31 31 52 25 20 25 0 101 202 404 10 185 176 153
32 35 69 3 20 6 141 146 151 161 10 394 376 327
33 53 52 9 4 0 37 42 47 57 10 88 84 73
34 65 55 7 10 9 0 91 183 366 10 512 488 425
35 63 65 8 7 5 143 148 153 163 10 551 526 458
36 2 60 5 0 4 41 46 51 61 10 351 334 291
37 20 20 6 8 5 0 99 198 396 10 724 691 601
38 5 5 0 0 15 83 88 93 103 10 254 242 211
39 60 12 11 20 22 44 49 54 64 10 863 823 716
40 40 25 1 2 5 85 90 95 105 10 502 479 417
41 42 7 2 1 0 97 102 107 117 10 288 275 239
42 24 12 4 5 2 31 36 41 51 10 828 790 687
43 23 3 2 1 7 132 137 142 152 10 1004 958 833
44 11 14 12 4 0 69 74 79 89 10 309 295 257
45 6 38 12 0 15 32 37 42 52 10 322 307 267
46 2 48 1 0 1 117 122 127 137 10 339 324 282
47 8 56 18 12 26 51 56 61 71 10 654 624 543
48 13 52 32 6 12 0 96 192 384 10 544 519 451
49 6 68 18 7 8 108 113 118 128 10 773 737 641
50 47 47 3 12 7 0 101 203 406 10 153 146 127
51 49 58 8 7 0 88 93 98 108 10 80 76 66
52 27 43 0 6 1 0 104 208 416 10 197 188 164
53 37 31 0 6 1 95 100 105 115 10 257 245 213
54 57 29 17 0 3 140 145 150 160 10 241 230 200
55 63 23 1 2 0 136 141 146 156 10 237 226 197
56 53 12 1 0 0 130 135 140 150 10 89 85 74
57 32 12 5 1 5 101 106 111 121 10 780 744 647
58 36 26 16 9 5 200 205 210 220 10 489 466 405
59 21 24 8 13 20 0 101 202 404 10 647 617 537
60 17 34 1 2 0 162 167 172 182 10 187 179 155
61 12 24 3 13 11 76 81 86 96 10 768 732 637
62 24 58 0 0 1 58 63 68 78 10 79 76 66
63 27 69 7 3 10 34 39 44 54 10 462 441 384
64 15 77 4 2 1 73 78 83 93 10 739 705 613
65 62 77 15 12 4 51 56 61 71 10 700 667 581
66 49 73 9 11 8 127 132 137 147 10 496 473 412
67 67 5 17 1 0 83 88 93 103 10 351 335 291
68 56 39 0 33 32 142 147 152 162 10 260 248 215
69 37 47 6 3 2 50 55 60 70 10 85 81 70
70 37 56 5 2 5 182 187 192 202 10 134 128 111
71 57 68 3 0 8 77 82 87 97 10 221 211 183
72 47 16 12 11 15 0 98 197 394 10 697 665 579
73 44 17 0 5 5 78 83 88 98 10 445 425 369
74 46 13 8 3 4 149 154 159 169 10 753 718 625
75 49 11 17 4 7 0 96 192 384 10 804 767 667
76 49 42 0 3 5 73 78 83 93 10 161 153 133
77 53 43 7 11 8 179 184 189 199 10 296 283 246
78 61 52 0 3 2 96 101 106 116 10 282 269 234
79 57 48 21 9 0 92 97 102 112 10 114 109 95
80 56 37 3 4 3 182 187 192 202 10 414 395 343
81 55 54 11 7 18 94 99 104 114 10 312 297 259
82 15 47 5 1 13 0 98 196 392 10 506 482 420
83 14 37 0 5 2 0 99 198 396 10 389 371 323
84 11 31 6 5 7 101 106 111 121 10 696 664 578
85 16 22 31 35 0 0 98 196 392 10 247 235 205
86 4 18 16 0 1 94 99 104 114 10 430 410 357
87 28 18 13 0 17 93 98 103 113 10 305 291 253
88 26 52 2 1 5 74 79 84 94 10 284 271 235
89 26 35 5 4 5 176 181 186 196 10 412 393 342
90 31 67 3 1 1 95 100 105 115 10 386 368 320
91 15 19 0 1 0 0 97 194 388 10 133 127 110
92 22 22 1 0 1 18 23 28 38 10 297 283 246
93 18 24 17 4 2 188 193 198 208 10 684 653 568
94 26 27 6 25 24 0 103 207 414 10 541 516 449
95 25 24 4 4 0 0 102 205 410 10 201 191 166
96 22 27 7 4 8 0 102 204 408 10 587 560 487
97 25 21 0 4 1 133 138 143 153 10 437 417 363
98 19 21 2 3 4 0 99 198 396 10 719 686 597
99 20 26 4 8 7 83 88 93 103 10 628 599 521
100 18 18 0 0 11 185 190 195 205 10 173 165 143
0 35 35 0 0 0 0 230 230 230 0 0 0 0
