customer xCoord yCoord demandWasteType1 demandWasteType2 demandWasteType3 readyTime dueDateNarrow dueDate dueDateWide service bidNarrow bid bidWide
0 40 50 0 0 0 0 240 240 240 0 0 0 0
1 25 85 14 9 11 0 95 191 382 10 758 693 630
2 22 75 17 13 2 0 99 199 398 10 613 561 510
3 22 85 8 6 0 0 95 190 380 10 261 239 217
4 20 80 28 36 30 141 156 171 201 10 718 657 597
5 20 85 0 5 13 0 94 189 378 10 535 489 445
6 18 75 14 0 14 95 110 125 155 10 294 269 245
7 15 75 16 0 9 0 97 194 388 10 313 286 260
8 15 80 10 4 8 91 106 121 151 10 777 711 646
9 10 35 2 18 14 91 106 121 151 10 668 611 555
10 10 40 0 25 24 119 134 149 179 10 419 384 349
11 8 40 39 40 0 59 74 89 119 10 222 203 185
12 8 45 13 4 17 0 98 197 394 10 645 590 536
13 5 35 4 9 10 142 157 172 202 10 758 693 630
14 5 45 7 1 4 0 97 194 388 10 704 644 585
15 2 40 0 3 0 58 73 88 118 10 130 119 108
16 0 40 7 11 12 0 94 188 376 10 821 751 682
17 0 45 18 3 20 149 164 179 209 10 803 734 667
18 44 5 15 8 17 0 92 184 368 10 900 823 748
19 42 10 14 32 3 0 94 189 378 10 797 729 663
20 42 15 9 2 9 0 97 194 388 10 698 638 580
21 40 5 9 5 5 0 92 185 370 10 896 820 745
22 40 15 0 22 39 92 107 122 152 10 464 425 386
23 38 5 29 27 14 65 80 95 125 10 897 820 745
24 38 15 3 7 9 0 97 194 388 10 698 638 580
25 35 5 0 16 7 154 169 184 214 10 601 550 499
26 95 30 14 0 6 0 85 171 342 10 518 473 430
27 95 35 5 19 18 62 77 92 122 10 1135 1038 944
28 92 30 4 2 2 0 87 174 348 10 1109 1015 922
29 90 35 0 9 3 0 88 177 354 10 693 634 576
30 88 30 10 10 2 74 89 104 134 10 1035 947 861
31 88 35 1 12 18 0 89 179 358 10 1001 916 832
32 87 30 2 9 9 0 89 178 356 10 1017 930 845
33 85 25 0 2 3 51 66 81 111 10 683 625 568
34 85 35 29 27 1 0 91 182 364 10 944 864 785
35 67 85 15 2 3 139 154 169 199 10 880 805 732
36 65 85 6 5 35 43 58 73 103 10 856 783 712
37 65 82 1 2 5 0 94 189 378 10 808 739 672
38 62 80 20 15 26 75 90 105 135 10 741 677 616
39 60 80 0 1 9 37 52 67 97 10 478 438 398
40 60 85 21 28 20 85 100 115 145 10 803 734 667
41 58 75 12 6 14 92 107 122 152 10 613 561 510
42 55 80 9 5 9 33 48 63 93 10 668 611 555
43 55 85 14 19 18 0 95 191 382 10 758 693 630
44 55 82 5 3 4 64 79 94 124 10 704 644 585
45 20 82 5 6 1 37 52 67 97 10 751 687 624
46 18 80 3 7 8 0 96 192 384 10 741 677 616
47 2 45 2 6 7 0 95 191 382 10 763 698 634
48 42 5 0 6 0 0 92 184 368 10 149 136 124
49 42 12 3 9 7 104 119 134 164 10 758 693 630
50 72 35 13 3 11 0 97 194 388 10 704 644 585
51 55 20 10 7 5 0 98 196 392 10 668 611 555
52 25 30 0 0 1 0 102 205 410 10 110 101 92
53 20 50 0 2 3 91 106 121 151 10 265 242 220
54 55 60 2 13 8 0 105 211 422 10 359 328 298
55 30 60 16 8 9 140 155 170 200 10 281 257 234
56 50 35 3 18 8 130 145 160 190 10 359 328 298
57 30 25 5 22 6 0 101 203 406 10 536 490 445
58 15 10 7 0 7 152 167 182 212 10 417 382 347
59 10 20 9 16 4 0 93 187 374 10 845 773 702
60 15 60 5 4 10 0 101 203 406 10 536 490 445
61 45 65 7 6 4 0 107 214 428 10 314 288 261
62 65 35 1 0 0 52 67 82 112 10 64 59 53
63 65 20 4 0 0 0 95 190 380 10 86 79 71
64 45 30 14 17 6 53 68 83 113 10 410 375 341
65 35 40 10 15 11 11 26 41 71 10 222 203 185
66 41 37 14 10 2 133 148 163 193 10 259 237 215
67 64 42 7 2 4 70 85 100 130 10 503 460 418
68 40 60 0 3 0 144 159 174 204 10 33 30 27
69 31 52 0 14 15 41 56 71 101 10 122 112 101
70 35 69 8 7 16 180 195 210 240 10 391 358 325
71 65 55 13 2 11 0 102 204 408 10 507 464 422
72 63 65 6 2 7 0 101 202 404 10 547 500 454
73 2 60 0 0 1 0 95 190 380 10 173 159 144
74 20 20 7 7 6 141 156 171 201 10 718 657 597
75 5 5 3 11 13 0 86 172 344 10 1135 1038 944
76 60 12 23 20 0 75 90 105 135 10 285 260 237
77 23 3 0 0 5 150 165 180 210 10 221 202 183
78 8 56 11 0 11 90 105 120 150 10 288 263 239
79 6 68 0 15 6 89 104 119 149 10 510 467 424
80 47 47 0 4 10 192 207 222 252 10 101 92 84
81 49 58 6 2 9 0 108 217 434 10 239 219 199
82 27 43 5 8 7 0 107 215 430 10 294 269 244
83 37 31 12 10 0 0 105 210 420 10 127 116 106
84 57 29 0 4 15 96 111 126 156 10 358 328 298
85 63 23 2 2 2 0 97 194 388 10 706 646 587
86 21 24 28 16 15 0 98 197 394 10 641 586 533
87 12 24 9 4 11 90 105 120 150 10 761 696 632
88 24 58 19 1 15 67 82 97 127 10 356 325 296
89 67 5 21 0 0 0 88 177 354 10 116 106 96
90 37 47 1 1 4 0 112 225 450 10 84 77 70
91 49 42 13 12 9 0 108 217 434 10 239 219 199
92 53 43 5 8 0 14 29 44 74 10 98 89 81
93 61 52 1 3 2 178 193 208 238 10 420 384 349
94 57 48 15 17 17 0 106 212 424 10 341 311 283
95 56 37 0 2 1 0 104 209 418 10 273 250 227
96 55 54 13 12 16 0 107 214 428 10 309 282 257
97 4 18 32 21 3 0 90 181 362 10 959 877 797
98 26 52 7 5 0 0 107 215 430 10 93 85 78
99 26 35 15 0 3 77 92 107 137 10 181 166 151
100 31 67 0 0 1 180 195 210 240 10 85 77 70
0 40 50 0 0 0 0 240 240 240 0 0 0 0
