customer xCoord yCoord demandWasteType1 demandWasteType2 demandWasteType3 readyTime dueDateNarrow dueDate dueDateWide service bidNarrow bid bidWide
0 40 50 0 0 0 0 1236 1236 1236 0 0 0 0
1 45 68 8 4 3 0 563 1127 2254 90 131 116 103
2 45 70 15 23 3 0 562 1125 2250 90 144 128 113
3 42 66 8 8 9 0 564 1129 2258 90 113 100 88
4 42 68 10 3 4 727 754 782 837 90 127 112 99
5 42 65 0 3 7 0 565 1130 2260 90 70 62 55
6 40 69 7 20 20 621 661 702 783 90 133 118 104
7 40 66 15 12 5 0 565 1130 2260 90 112 99 88
8 38 68 2 13 2 255 289 324 393 90 127 112 99
9 38 70 1 2 0 534 569 605 676 90 94 83 73
10 35 66 7 9 10 357 383 410 463 90 117 104 92
11 35 69 9 5 0 448 476 505 562 90 91 81 72
12 25 85 11 18 2 0 553 1107 2214 90 267 236 209
13 22 75 0 6 29 30 61 92 154 90 144 127 113
14 22 85 1 0 3 0 553 1106 2212 90 184 163 144
15 20 80 16 18 34 384 406 429 474 90 253 224 198
16 20 85 0 17 27 0 552 1105 2210 90 188 167 148
17 18 75 1 9 4 99 123 148 197 90 233 206 183
18 15 75 10 6 18 0 555 1110 2220 90 248 219 194
19 15 80 1 4 5 0 553 1106 2212 90 274 242 215
20 30 50 10 7 0 0 568 1136 2272 90 46 41 36
21 30 52 6 0 4 0 567 1135 2270 90 47 42 37
22 28 52 15 0 18 812 847 883 954 90 56 50 44
23 28 55 0 5 5 732 754 777 822 90 60 53 47
24 25 50 9 8 8 0 565 1131 2262 90 105 93 82
25 25 52 15 3 25 169 196 224 279 90 106 94 83
26 25 55 0 6 2 0 565 1130 2260 90 73 65 58
27 23 52 0 1 6 261 288 316 371 90 80 70 62
28 23 55 16 6 18 0 564 1128 2256 90 124 110 97
29 20 50 7 3 7 0 563 1126 2252 90 140 124 110
30 20 55 6 3 1 449 476 504 559 90 144 128 113
31 10 35 18 12 16 0 556 1112 2224 90 235 208 184
32 10 40 7 3 26 0 557 1114 2228 90 221 196 174
33 8 40 36 37 19 87 122 158 229 90 235 208 184
34 8 45 13 0 5 0 556 1113 2226 90 151 134 119
35 5 35 2 6 10 283 313 344 405 90 267 236 209
36 5 45 7 8 6 665 690 716 767 90 248 219 194
37 2 40 2 19 9 0 553 1106 2212 90 275 244 216
38 0 40 11 10 16 479 500 522 565 90 289 256 227
39 0 45 16 0 0 567 595 624 681 90 94 83 74
40 35 30 3 9 3 264 292 321 378 90 144 128 113
41 35 32 5 2 1 166 200 235 304 90 131 116 103
42 33 32 1 8 5 68 108 149 230 90 135 120 106
43 33 35 0 3 5 0 564 1129 2258 90 77 68 60
44 32 30 5 0 0 359 385 412 465 90 50 44 39
45 30 30 4 6 0 541 570 600 659 90 104 92 82
46 30 32 27 28 2 0 562 1125 2250 90 144 127 113
47 30 35 3 1 4 0 563 1127 2254 90 126 112 99
48 28 30 10 0 4 0 561 1122 2244 90 109 96 85
49 28 35 6 0 9 1001 1033 1066 1131 90 89 79 70
50 26 32 0 10 9 0 561 1123 2246 90 106 94 83
51 25 30 1 4 9 0 560 1121 2242 90 175 155 137
52 25 35 0 10 6 0 562 1124 2248 90 99 87 77
53 44 5 6 0 4 286 316 347 408 90 211 187 166
54 42 10 32 3 4 0 552 1105 2210 90 281 248 220
55 42 15 0 1 0 95 126 158 221 90 82 72 64
56 40 5 0 3 15 385 410 436 487 90 210 186 165
57 40 15 37 15 22 0 555 1111 2222 90 245 217 192
58 38 5 3 29 1 471 502 534 597 90 316 279 248
59 38 15 2 4 4 0 555 1110 2220 90 246 217 193
60 35 5 14 15 0 0 550 1100 2200 90 211 187 166
61 50 30 7 5 4 0 561 1123 2246 90 156 138 123
62 50 35 15 0 20 262 289 317 372 90 84 74 66
63 50 40 45 20 9 0 565 1131 2262 90 99 87 77
64 48 30 4 10 2 632 662 693 754 90 151 133 118
65 48 40 6 0 6 76 102 129 182 90 59 53 47
66 47 35 0 7 9 826 850 875 924 90 77 68 60
67 47 40 9 4 9 12 44 77 142 90 85 75 67
68 45 30 8 4 8 734 755 777 820 90 144 128 113
69 45 35 9 4 3 916 942 969 1022 90 110 98 87
70 95 30 12 19 7 387 421 456 525 90 410 363 322
71 95 35 15 13 14 0 544 1088 2176 90 400 354 314
72 53 30 8 7 0 0 561 1122 2244 90 111 98 87
73 92 30 0 5 6 0 545 1090 2180 90 260 230 204
74 53 35 0 19 45 353 382 412 471 90 92 82 72
75 45 65 0 20 13 0 565 1130 2260 90 73 65 58
76 90 35 2 1 8 203 231 260 317 90 366 324 287
77 88 30 3 3 4 574 608 643 712 90 365 323 286
78 88 35 0 17 3 109 139 170 231 90 235 208 184
79 87 30 1 1 3 668 699 731 794 90 358 317 281
80 85 25 2 7 3 769 794 820 871 90 361 319 283
81 85 35 12 13 2 0 549 1098 2196 90 332 294 261
82 75 55 12 19 0 0 555 1110 2220 90 165 146 129
83 72 55 4 1 3 0 556 1113 2226 90 227 201 178
84 70 58 3 9 20 458 490 523 588 90 217 192 171
85 68 60 4 17 15 0 558 1116 2232 90 208 184 163
86 66 55 7 1 8 0 559 1119 2238 90 185 164 145
87 65 55 3 0 5 85 114 144 203 90 119 105 93
88 65 60 21 0 8 645 676 708 771 90 126 111 98
89 63 58 1 4 0 0 560 1121 2242 90 113 100 89
90 60 55 0 5 10 0 562 1125 2250 90 96 85 75
91 60 60 10 0 1 0 561 1123 2246 90 104 92 82
92 67 85 1 13 13 368 404 441 514 90 310 274 243
93 65 85 36 12 24 475 496 518 561 90 301 267 237
94 65 82 8 3 8 0 552 1105 2210 90 285 252 223
95 62 80 28 21 12 0 554 1108 2216 90 261 231 205
96 60 80 2 2 8 0 554 1109 2218 90 253 224 198
97 60 85 24 3 29 0 552 1105 2210 90 282 250 222
98 58 75 16 18 0 0 557 1115 2230 90 144 127 113
99 55 80 6 9 2 743 781 820 897 90 235 208 184
100 55 85 11 11 1 647 686 726 805 90 267 236 209
0 40 50 0 0 0 0 1236 1236 1236 0 0 0 0
