customer xCoord yCoord demandWasteType1 demandWasteType2 demandWasteType3 readyTime dueDateNarrow dueDate dueDateWide service bidNarrow bid bidWide
0 40 50 0 0 0 0 1236 1236 1236 0 0 0 0
1 45 68 5 0 8 0 563 1127 2254 90 88 76 73
2 45 70 9 10 25 0 562 1125 2250 90 146 127 122
3 42 66 9 5 1 0 564 1129 2258 90 114 99 95
4 42 68 0 7 0 727 754 782 837 90 42 37 35
5 42 65 0 4 7 0 565 1130 2260 90 71 62 59
6 40 69 19 15 12 621 661 702 783 90 134 117 112
7 40 66 17 18 3 0 565 1130 2260 90 113 98 94
8 38 68 19 4 5 255 289 324 393 90 128 111 107
9 38 70 0 10 3 534 569 605 676 90 95 82 79
10 35 66 6 4 9 357 383 410 463 90 119 103 99
11 35 69 5 6 6 448 476 505 562 90 139 121 116
12 25 85 13 11 15 0 553 1107 2214 90 270 235 225
13 22 75 27 10 30 30 61 92 154 90 218 190 182
14 22 85 3 0 9 567 593 620 673 90 186 162 155
15 20 80 12 7 6 384 406 429 474 90 256 222 213
16 20 85 14 16 0 475 501 528 581 90 190 166 159
17 18 75 16 15 15 99 123 148 197 90 236 205 197
18 15 75 7 3 6 179 216 254 329 90 251 218 209
19 15 80 6 1 1 278 311 345 412 90 277 241 231
20 30 50 1 8 7 10 41 73 136 90 71 61 59
21 30 52 15 3 12 0 567 1135 2270 90 72 63 60
22 28 52 19 6 20 812 847 883 954 90 86 75 72
23 28 55 6 3 1 732 754 777 822 90 92 80 77
24 25 50 0 5 0 65 104 144 223 90 35 30 29
25 25 52 20 24 34 169 196 224 279 90 107 93 89
26 25 55 10 7 7 0 565 1130 2260 90 112 97 93
27 23 52 10 5 9 261 288 316 371 90 121 105 101
28 23 55 7 12 16 546 569 593 640 90 125 109 105
29 20 50 9 7 4 358 381 405 452 90 142 123 118
30 20 55 5 10 0 449 476 504 559 90 97 84 81
31 10 35 5 12 0 0 556 1112 2224 90 158 138 132
32 10 40 29 22 15 31 65 100 169 90 224 195 187
33 8 40 16 0 30 87 122 158 229 90 158 138 132
34 8 45 7 7 16 0 556 1113 2226 90 229 200 191
35 5 35 6 6 0 283 313 344 405 90 180 156 150
36 5 45 0 0 10 665 690 716 767 90 83 72 69
37 2 40 16 17 15 0 553 1106 2212 90 279 242 232
38 0 40 11 0 14 479 500 522 565 90 195 169 162
39 0 45 10 4 1 567 595 624 681 90 286 249 238
40 35 30 9 0 3 264 292 321 378 90 97 84 81
41 35 32 0 9 2 166 200 235 304 90 88 76 73
42 33 32 12 9 5 68 108 149 230 90 137 119 114
43 33 35 3 9 7 16 48 80 144 90 117 102 98
44 32 30 3 0 0 359 385 412 465 90 50 44 42
45 30 30 7 6 7 541 570 600 659 90 158 138 132
46 30 32 23 16 6 448 478 509 570 90 146 127 122
47 30 35 0 5 7 1054 1090 1127 1200 90 85 74 71
48 28 30 2 2 3 0 561 1122 2244 90 165 144 138
49 28 35 0 4 8 1001 1033 1066 1131 90 90 79 75
50 26 32 5 5 0 0 561 1123 2246 90 107 93 90
51 25 30 5 5 4 725 755 786 847 90 177 154 148
52 25 35 8 7 7 0 562 1124 2248 90 150 131 125
53 44 5 6 14 10 286 316 347 408 90 320 279 267
54 42 10 25 2 8 186 221 257 328 90 284 247 237
55 42 15 7 0 8 95 126 158 221 90 165 144 138
56 40 5 7 17 24 385 410 436 487 90 319 278 266
57 40 15 7 8 31 35 61 87 139 90 248 216 207
58 38 5 10 8 23 471 502 534 597 90 319 278 266
59 38 15 5 10 4 0 555 1110 2220 90 248 216 207
60 35 5 11 0 4 562 595 629 696 90 214 186 178
61 50 30 9 5 0 531 570 610 689 90 105 92 88
62 50 35 2 3 2 262 289 317 372 90 128 111 106
63 50 40 33 10 24 171 194 218 265 90 100 87 83
64 48 30 0 5 6 632 662 693 754 90 101 88 85
65 48 40 3 5 0 76 102 129 182 90 60 52 50
66 47 35 8 1 6 826 850 875 924 90 117 102 98
67 47 40 7 2 7 12 44 77 142 90 86 75 72
68 45 30 0 6 3 734 755 777 820 90 97 84 81
69 45 35 10 10 0 916 942 969 1022 90 74 65 62
70 95 30 23 0 17 387 421 456 525 90 277 241 231
71 95 35 6 3 0 293 326 360 427 90 269 234 225
72 53 30 2 10 1 0 561 1122 2244 90 169 147 141
73 92 30 0 6 0 478 514 551 624 90 131 114 110
74 53 35 1 35 47 353 382 412 471 90 140 122 117
75 45 65 6 15 0 0 565 1130 2260 90 74 65 62
76 90 35 9 10 7 203 231 260 317 90 370 322 309
77 88 30 4 0 10 574 608 643 712 90 246 214 205
78 88 35 16 20 10 109 139 170 231 90 357 310 298
79 87 30 0 4 9 668 699 731 794 90 241 210 201
80 85 25 9 4 9 769 794 820 871 90 365 318 305
81 85 35 10 6 27 47 85 124 201 90 336 293 281
82 75 55 3 15 19 0 555 1110 2220 90 251 218 209
83 72 55 0 5 10 0 556 1113 2226 90 153 133 127
84 70 58 20 15 0 458 490 523 588 90 146 127 122
85 68 60 15 1 15 0 558 1116 2232 90 211 183 176
86 66 55 3 9 2 173 205 238 303 90 188 163 156
87 65 55 0 12 0 85 114 144 203 90 60 52 50
88 65 60 4 5 2 645 676 708 771 90 191 166 159
89 63 58 5 8 5 737 769 802 867 90 172 150 144
90 60 55 6 8 8 20 52 84 148 90 146 127 122
91 60 60 8 0 7 0 561 1123 2246 90 105 92 88
92 67 85 3 6 0 368 404 441 514 90 209 182 174
93 65 85 21 15 28 475 496 518 561 90 305 265 254
94 65 82 0 0 10 0 552 1105 2210 90 96 83 80
95 62 80 18 0 28 0 554 1108 2216 90 176 153 147
96 60 80 10 3 0 0 554 1109 2218 90 170 148 142
97 60 85 28 25 0 561 591 622 683 90 190 166 159
98 58 75 7 1 4 0 557 1115 2230 90 218 190 182
99 55 80 3 7 0 743 781 820 897 90 158 138 132
100 55 85 13 11 4 647 686 726 805 90 270 235 225
0 40 50 0 0 0 0 1236 1236 1236 0 0 0 0
