customer xCoord yCoord demandWasteType1 demandWasteType2 demandWasteType3 readyTime dueDateNarrow dueDate dueDateWide service bidNarrow bid bidWide
0 35 35 0 0 0 0 230 230 230 0 0 0 0
1 41 49 7 1 10 161 166 171 181 10 9 9 7
2 35 17 2 0 3 50 55 60 70 10 147 143 124
3 55 45 13 11 7 116 121 126 136 10 104 101 88
4 55 20 7 13 9 149 154 159 169 10 221 215 188
5 15 30 0 0 10 34 39 44 54 10 70 68 59
6 25 30 3 0 0 99 104 109 119 10 55 53 46
7 20 50 5 5 1 81 86 91 101 10 132 128 112
8 10 43 8 5 6 95 100 105 115 10 203 198 172
9 55 60 12 6 15 97 102 107 117 10 119 115 101
10 30 60 13 11 5 124 129 134 144 10 93 90 79
11 20 65 0 11 4 67 72 77 87 10 110 107 93
12 50 35 17 0 5 63 68 73 83 10 79 77 67
13 30 25 0 20 0 159 164 169 179 10 59 57 50
14 15 10 16 14 15 32 37 42 52 10 312 303 264
15 30 5 8 8 8 61 66 71 81 10 304 296 258
16 10 20 3 16 7 75 80 85 95 10 280 272 237
17 5 30 0 1 0 157 162 167 177 10 88 86 75
18 20 40 10 1 1 87 92 97 107 10 147 143 125
19 15 60 16 0 0 76 81 86 96 10 59 57 50
20 45 65 8 0 6 126 131 136 146 10 69 67 59
21 45 20 4 0 4 62 67 72 82 10 134 130 113
22 45 10 17 14 16 97 102 107 117 10 266 259 226
23 55 5 29 14 0 68 73 78 88 10 209 203 177
24 65 35 2 2 0 153 158 163 173 10 128 124 109
25 65 20 4 0 0 172 177 182 192 10 86 83 73
26 45 30 13 5 0 132 137 142 152 10 90 88 77
27 35 40 5 13 8 37 42 47 57 10 73 71 62
28 41 37 2 4 4 39 44 49 59 10 86 83 73
29 64 42 4 7 4 63 68 73 83 10 167 162 141
30 40 60 10 17 17 71 76 81 91 10 66 64 56
31 31 52 25 25 27 50 55 60 70 10 60 59 51
32 35 69 12 14 8 141 146 151 161 10 129 126 110
33 53 52 5 8 7 37 42 47 57 10 87 84 73
34 65 55 0 9 10 117 122 127 137 10 112 109 95
35 63 65 8 6 1 143 148 153 163 10 181 176 154
36 2 60 5 0 4 41 46 51 61 10 173 168 146
37 20 20 0 0 1 134 139 144 154 10 79 77 67
38 5 5 13 2 3 83 88 93 103 10 377 366 319
39 60 12 3 27 0 44 49 54 64 10 189 184 160
40 40 25 8 3 7 85 90 95 105 10 165 160 140
41 42 7 5 3 1 97 102 107 117 10 284 276 241
42 24 12 1 3 5 31 36 41 51 10 272 265 231
43 23 3 5 3 6 132 137 142 152 10 330 321 280
44 11 14 17 12 7 69 74 79 89 10 305 297 259
45 6 38 16 11 6 32 37 42 52 10 238 231 202
46 2 48 0 1 0 117 122 127 137 10 83 81 71
47 8 56 14 19 18 51 56 61 71 10 215 209 182
48 13 52 3 20 10 165 170 175 185 10 179 174 151
49 6 68 3 30 26 108 113 118 128 10 254 247 215
50 47 47 12 0 7 124 129 134 144 10 33 32 28
51 49 58 8 2 3 88 93 98 108 10 79 77 67
52 27 43 9 8 0 52 57 62 72 10 65 63 55
53 37 31 4 7 5 95 100 105 115 10 127 123 107
54 57 29 0 16 2 140 145 150 160 10 119 115 101
55 63 23 0 1 0 136 141 146 156 10 78 76 66
56 53 12 6 0 0 130 135 140 150 10 88 86 75
57 32 12 1 0 0 101 106 111 121 10 85 83 72
58 36 26 4 14 0 200 205 210 220 10 107 104 90
59 21 24 0 9 5 18 23 28 38 10 142 138 120
60 17 34 3 3 0 162 167 172 182 10 123 120 104
61 12 24 12 13 6 76 81 86 96 10 252 245 214
62 24 58 1 11 18 58 63 68 78 10 118 114 100
63 27 69 0 0 1 34 39 44 54 10 50 49 43
64 15 77 9 0 8 73 78 83 93 10 162 157 137
65 62 77 10 0 14 51 56 61 71 10 153 149 130
66 49 73 2 6 1 127 132 137 147 10 163 158 138
67 67 5 6 2 4 83 88 93 103 10 347 337 294
68 56 39 7 10 20 142 147 152 162 10 128 124 108
69 37 47 1 0 2 50 55 60 70 10 18 18 15
70 37 56 0 0 4 182 187 192 202 10 14 14 12
71 57 68 3 1 0 77 82 87 97 10 109 106 92
72 47 16 6 20 4 35 40 45 55 10 229 223 194
73 44 17 3 6 0 78 83 88 98 10 146 142 124
74 46 13 0 0 1 149 154 159 169 10 82 80 70
75 49 11 14 12 15 69 74 79 89 10 264 257 224
76 49 42 9 5 3 73 78 83 93 10 79 77 67
77 53 43 9 14 0 179 184 189 199 10 65 63 55
78 61 52 0 1 3 96 101 106 116 10 93 90 78
79 57 48 22 4 17 92 97 102 112 10 113 110 96
80 56 37 0 5 0 182 187 192 202 10 45 44 38
81 55 54 26 11 0 94 99 104 114 10 68 66 58
82 15 47 2 4 8 55 60 65 75 10 166 161 141
83 14 37 10 0 7 44 49 54 64 10 128 124 108
84 11 31 4 4 0 101 106 111 121 10 152 148 129
85 16 22 40 22 6 91 96 101 111 10 243 237 206
86 4 18 16 27 0 94 99 104 114 10 212 206 180
87 28 18 12 1 14 93 98 103 113 10 226 219 191
88 26 52 1 0 4 74 79 84 94 10 62 60 52
89 26 35 3 7 15 176 181 186 196 10 135 131 115
90 31 67 0 0 1 95 100 105 115 10 42 41 35
91 15 19 1 0 1 160 165 170 180 10 175 170 148
92 22 22 1 0 0 18 23 28 38 10 73 71 62
93 18 24 4 9 4 188 193 198 208 10 225 218 191
94 26 27 1 8 21 100 105 110 120 10 178 173 151
95 25 24 1 12 16 39 44 49 59 10 198 192 168
96 22 27 10 10 8 135 140 145 155 10 193 187 163
97 25 21 0 9 0 133 138 143 153 10 71 69 61
98 19 21 8 0 0 58 63 68 78 10 78 76 66
99 20 26 2 0 8 83 88 93 103 10 137 133 116
100 18 18 17 2 4 185 190 195 205 10 256 249 217
0 35 35 0 0 0 0 230 230 230 0 0 0 0
