customer xCoord yCoord demandWasteType1 demandWasteType2 demandWasteType3 readyTime dueDateNarrow dueDate dueDateWide service bidNarrow bid bidWide
0 35 35 0 0 0 0 230 230 230 0 0 0 0
1 41 49 7 0 3 0 102 204 408 10 6 5 5
2 35 17 3 7 0 0 101 202 404 10 158 135 123
3 55 45 8 9 5 0 98 197 394 10 112 96 87
4 55 20 0 0 3 149 154 159 169 10 79 68 62
5 15 30 0 10 17 0 99 199 398 10 151 130 118
6 25 30 3 1 0 99 104 109 119 10 118 101 92
7 20 50 0 2 0 0 99 198 396 10 47 40 37
8 10 43 1 4 8 95 100 105 115 10 219 187 171
9 55 60 5 5 2 97 102 107 117 10 128 109 100
10 30 60 12 4 16 124 129 134 144 10 100 86 78
11 20 65 5 10 0 67 72 77 87 10 118 101 92
12 50 35 16 0 18 0 102 205 410 10 85 73 66
13 30 25 14 11 23 159 164 169 179 10 191 164 149
14 15 10 0 11 18 0 93 187 374 10 223 191 174
15 30 5 0 2 3 61 66 71 81 10 218 187 170
16 10 20 8 0 18 0 95 190 380 10 201 172 157
17 5 30 0 1 2 157 162 167 177 10 191 163 149
18 20 40 1 9 7 0 102 204 408 10 158 136 124
19 15 60 14 11 15 0 93 187 374 10 191 164 149
20 45 65 1 8 1 0 94 188 376 10 112 96 87
21 45 20 10 0 3 0 100 201 402 10 144 123 112
22 45 10 2 0 13 97 102 107 117 10 191 163 149
23 55 5 23 14 0 68 73 78 88 10 224 192 175
24 65 35 3 1 3 0 95 190 380 10 207 177 162
25 65 20 5 6 4 172 177 182 192 10 277 238 217
26 45 30 14 12 14 0 104 208 416 10 146 125 114
27 35 40 4 0 3 37 42 47 57 10 52 45 41
28 41 37 1 0 12 0 106 213 426 10 61 53 48
29 64 42 2 7 9 0 95 190 380 10 179 154 140
30 40 60 3 9 2 71 76 81 91 10 71 60 55
31 31 52 14 13 14 0 101 202 404 10 65 56 51
32 35 69 17 21 6 0 93 186 372 10 139 119 109
33 53 52 8 2 6 37 42 47 57 10 93 80 73
34 65 55 10 1 5 0 91 183 366 10 181 155 141
35 63 65 1 8 3 143 148 153 163 10 195 167 152
36 2 60 4 1 4 41 46 51 61 10 279 239 218
37 20 20 3 0 0 0 99 198 396 10 85 73 66
38 5 5 10 0 0 83 88 93 103 10 135 115 105
39 60 12 28 2 19 44 49 54 64 10 305 261 238
40 40 25 0 4 7 85 90 95 105 10 118 101 92
41 42 7 0 2 4 97 102 107 117 10 204 174 159
42 24 12 0 5 2 31 36 41 51 10 195 167 152
43 23 3 0 7 0 0 92 185 370 10 118 101 92
44 11 14 6 9 17 69 74 79 89 10 328 281 257
45 6 38 3 11 7 32 37 42 52 10 256 219 200
46 2 48 1 0 0 0 92 184 368 10 90 77 70
47 8 56 7 5 14 0 92 185 370 10 231 198 181
48 13 52 25 0 7 0 96 192 384 10 128 110 100
49 6 68 12 14 0 108 113 118 128 10 182 156 142
50 47 47 9 12 13 0 101 203 406 10 54 46 42
51 49 58 6 4 4 0 96 193 386 10 85 73 66
52 27 43 9 0 0 0 104 208 416 10 34 30 27
53 37 31 6 11 8 95 100 105 115 10 136 117 106
54 57 29 2 0 0 0 98 197 394 10 64 54 50
55 63 23 1 2 1 136 141 146 156 10 252 216 197
56 53 12 0 0 6 130 135 140 150 10 95 81 74
57 32 12 0 5 0 0 98 196 392 10 92 78 71
58 36 26 6 2 1 200 205 210 220 10 173 148 135
59 21 24 24 19 4 0 101 202 404 10 228 196 179
60 17 34 2 1 3 0 100 201 402 10 199 170 155
61 12 24 0 5 1 0 97 194 388 10 181 155 141
62 24 58 19 8 11 58 63 68 78 10 127 109 99
63 27 69 0 6 9 0 92 185 370 10 109 93 85
64 15 77 2 6 5 73 78 83 93 10 261 224 204
65 62 77 8 14 16 51 56 61 71 10 247 212 193
66 49 73 25 24 21 127 132 137 147 10 175 150 137
67 67 5 20 24 20 83 88 93 103 10 373 319 291
68 56 39 31 0 2 142 147 152 162 10 92 78 71
69 37 47 6 5 2 50 55 60 70 10 30 25 23
70 37 56 0 0 4 182 187 192 202 10 15 13 12
71 57 68 8 9 8 0 90 180 360 10 176 150 137
72 47 16 18 15 24 0 98 197 394 10 246 211 193
73 44 17 0 5 5 0 99 199 398 10 157 135 123
74 46 13 0 6 8 149 154 159 169 10 177 152 138
75 49 11 16 17 11 0 96 192 384 10 284 244 222
76 49 42 4 9 1 73 78 83 93 10 85 73 66
77 53 43 3 0 2 179 184 189 199 10 69 60 54
78 61 52 3 1 1 96 101 106 116 10 149 128 117
79 57 48 23 16 20 92 97 102 112 10 121 104 95
80 56 37 6 0 3 182 187 192 202 10 97 83 76
81 55 54 9 22 10 0 96 192 384 10 110 94 86
82 15 47 0 16 14 0 98 196 392 10 119 102 93
83 14 37 3 6 8 0 99 198 396 10 206 177 161
84 11 31 7 3 5 101 106 111 121 10 246 211 192
85 16 22 0 19 39 0 98 196 392 10 174 149 136
86 4 18 0 17 15 0 92 184 368 10 228 195 178
87 28 18 23 24 25 93 98 103 113 10 243 208 190
88 26 52 7 3 7 74 79 84 94 10 100 86 78
89 26 35 5 0 12 0 105 211 422 10 97 83 76
90 31 67 3 0 0 0 93 187 374 10 45 39 35
91 15 19 0 1 0 0 97 194 388 10 94 80 73
92 22 22 2 0 0 18 23 28 38 10 78 67 61
93 18 24 3 0 13 188 193 198 208 10 161 138 126
94 26 27 4 5 3 0 103 207 414 10 191 164 149
95 25 24 13 1 15 0 102 205 410 10 213 183 166
96 22 27 8 10 4 0 102 204 408 10 207 178 162
97 25 21 2 5 4 0 101 202 404 10 232 199 181
98 19 21 3 2 3 0 99 198 396 10 254 218 199
99 20 26 8 7 2 83 88 93 103 10 222 190 173
100 18 18 2 12 15 185 190 195 205 10 276 236 215
0 35 35 0 0 0 0 230 230 230 0 0 0 0
