customer xCoord yCoord demandWasteType1 demandWasteType2 demandWasteType3 readyTime dueDateNarrow dueDate dueDateWide service bidNarrow bid bidWide
0 35 35 0 0 0 0 230 230 230 0 0 0 0
1 41 49 6 10 2 0 102 204 408 10 10 9 8
2 35 17 2 7 2 0 101 202 404 10 238 214 196
3 55 45 0 13 2 0 98 197 394 10 75 67 61
4 55 20 0 7 12 149 154 159 169 10 159 143 131
5 15 30 0 21 26 0 99 199 398 10 152 137 125
6 25 30 0 2 2 99 104 109 119 10 118 107 97
7 20 50 1 4 2 0 99 198 396 10 142 128 117
8 10 43 2 9 4 95 100 105 115 10 219 197 181
9 55 60 8 1 2 97 102 107 117 10 128 115 105
10 30 60 0 4 5 124 129 134 144 10 67 60 55
11 20 65 0 7 11 67 72 77 87 10 118 107 97
12 50 35 8 10 10 0 102 205 410 10 128 115 105
13 30 25 22 17 12 159 164 169 179 10 192 172 158
14 15 10 3 1 6 32 37 42 52 10 336 302 277
15 30 5 0 8 8 61 66 71 81 10 219 197 180
16 10 20 8 0 2 75 80 85 95 10 201 181 166
17 5 30 1 2 2 157 162 167 177 10 287 258 236
18 20 40 6 7 11 87 92 97 107 10 159 143 131
19 15 60 15 3 15 76 81 86 96 10 192 172 158
20 45 65 5 3 2 126 131 136 146 10 112 101 92
21 45 20 1 3 7 0 100 201 402 10 217 195 178
22 45 10 14 4 17 97 102 107 117 10 287 258 236
23 55 5 2 0 13 68 73 78 88 10 225 203 185
24 65 35 3 2 2 153 158 163 173 10 208 187 171
25 65 20 4 3 1 172 177 182 192 10 278 250 229
26 45 30 10 5 10 0 104 208 416 10 147 132 121
27 35 40 14 8 8 37 42 47 57 10 79 71 65
28 41 37 16 9 4 39 44 49 59 10 93 83 76
29 64 42 8 9 0 63 68 73 83 10 120 108 99
30 40 60 10 0 6 71 76 81 91 10 47 42 39
31 31 52 25 20 25 0 101 202 404 10 65 59 54
32 35 69 3 20 6 141 146 151 161 10 140 126 115
33 53 52 9 4 0 37 42 47 57 10 62 56 51
34 65 55 7 10 9 0 91 183 366 10 181 163 149
35 63 65 8 7 5 143 148 153 163 10 196 176 161
36 2 60 5 0 4 41 46 51 61 10 186 168 154
37 20 20 6 8 5 0 99 198 396 10 257 231 211
38 5 5 0 0 15 83 88 93 103 10 135 122 111
39 60 12 11 20 22 44 49 54 64 10 306 275 252
40 40 25 1 2 5 85 90 95 105 10 178 160 146
41 42 7 2 1 0 97 102 107 117 10 204 184 168
42 24 12 4 5 2 31 36 41 51 10 294 264 242
43 23 3 2 1 7 132 137 142 152 10 356 320 293
44 11 14 12 4 0 69 74 79 89 10 219 197 181
45 6 38 12 0 15 32 37 42 52 10 171 154 141
46 2 48 1 0 1 117 122 127 137 10 181 162 149
47 8 56 18 12 26 51 56 61 71 10 232 209 191
48 13 52 32 6 12 0 96 192 384 10 193 173 159
49 6 68 18 7 8 108 113 118 128 10 274 247 226
50 47 47 3 12 7 0 101 203 406 10 54 48 44
51 49 58 8 7 0 88 93 98 108 10 57 51 47
52 27 43 0 6 1 0 104 208 416 10 70 63 57
53 37 31 0 6 1 95 100 105 115 10 91 82 75
54 57 29 17 0 3 140 145 150 160 10 128 115 105
55 63 23 1 2 0 136 141 146 156 10 168 151 139
56 53 12 1 0 0 130 135 140 150 10 95 85 78
57 32 12 5 1 5 101 106 111 121 10 277 249 228
58 36 26 16 9 5 200 205 210 220 10 173 156 143
59 21 24 8 13 20 0 101 202 404 10 229 206 189
60 17 34 1 2 0 162 167 172 182 10 133 119 109
61 12 24 3 13 11 76 81 86 96 10 272 245 224
62 24 58 0 0 1 58 63 68 78 10 42 38 35
63 27 69 7 3 10 34 39 44 54 10 164 147 135
64 15 77 4 2 1 73 78 83 93 10 262 236 216
65 62 77 15 12 4 51 56 61 71 10 248 223 204
66 49 73 9 11 8 127 132 137 147 10 176 158 145
67 67 5 17 1 0 83 88 93 103 10 249 224 205
68 56 39 0 33 32 142 147 152 162 10 92 83 76
69 37 47 6 3 2 50 55 60 70 10 30 27 24
70 37 56 5 2 5 182 187 192 202 10 47 43 39
71 57 68 3 0 8 77 82 87 97 10 117 105 97
72 47 16 12 11 15 0 98 197 394 10 247 222 204
73 44 17 0 5 5 78 83 88 98 10 158 142 130
74 46 13 8 3 4 149 154 159 169 10 267 240 220
75 49 11 17 4 7 0 96 192 384 10 285 256 235
76 49 42 0 3 5 73 78 83 93 10 57 51 47
77 53 43 7 11 8 179 184 189 199 10 105 94 86
78 61 52 0 3 2 96 101 106 116 10 100 90 82
79 57 48 21 9 0 92 97 102 112 10 81 73 67
80 56 37 3 4 3 182 187 192 202 10 147 132 121
81 55 54 11 7 18 94 99 104 114 10 110 99 91
82 15 47 5 1 13 0 98 196 392 10 179 161 148
83 14 37 0 5 2 0 99 198 396 10 138 124 113
84 11 31 6 5 7 101 106 111 121 10 247 222 203
85 16 22 31 35 0 0 98 196 392 10 175 157 144
86 4 18 16 0 1 94 99 104 114 10 229 206 188
87 28 18 13 0 17 93 98 103 113 10 162 146 133
88 26 52 2 1 5 74 79 84 94 10 100 90 83
89 26 35 5 4 5 176 181 186 196 10 146 131 120
90 31 67 3 1 1 95 100 105 115 10 137 123 113
91 15 19 0 1 0 0 97 194 388 10 94 85 78
92 22 22 1 0 1 18 23 28 38 10 158 142 130
93 18 24 17 4 2 188 193 198 208 10 243 218 200
94 26 27 6 25 24 0 103 207 414 10 192 172 158
95 25 24 4 4 0 0 102 205 410 10 142 128 117
96 22 27 7 4 8 0 102 204 408 10 208 187 171
97 25 21 0 4 1 133 138 143 153 10 155 139 127
98 19 21 2 3 4 0 99 198 396 10 255 229 210
99 20 26 4 8 7 83 88 93 103 10 223 200 183
100 18 18 0 0 11 185 190 195 205 10 92 83 76
0 35 35 0 0 0 0 230 230 230 0 0 0 0
