customer xCoord yCoord demandWasteType1 demandWasteType2 demandWasteType3 readyTime dueDateNarrow dueDate dueDateWide service bidNarrow bid bidWide
0 40 50 0 0 0 0 240 240 240 0 0 0 0
1 25 85 0 16 19 145 160 175 205 10 175 162 148
2 22 75 28 0 28 50 65 80 110 10 141 131 119
3 22 85 6 6 9 109 124 139 169 10 272 251 229
4 20 80 0 38 17 141 156 171 201 10 166 153 140
5 20 85 1 4 0 41 56 71 101 10 185 171 156
6 18 75 17 2 15 95 110 125 155 10 230 212 194
7 15 75 9 13 19 79 94 109 139 10 244 226 206
8 15 80 1 2 10 91 106 121 151 10 269 249 227
9 10 35 7 0 3 91 106 121 151 10 154 142 130
10 10 40 18 0 23 119 134 149 179 10 145 134 122
11 8 40 11 18 9 59 74 89 119 10 231 214 195
12 8 45 0 15 0 64 79 94 124 10 74 69 62
13 5 35 8 8 1 142 157 172 202 10 263 243 222
14 5 45 2 8 2 35 50 65 95 10 244 226 206
15 2 40 0 2 20 58 73 88 118 10 181 167 152
16 0 40 2 4 15 72 87 102 132 10 284 263 240
17 0 45 0 13 16 149 164 179 209 10 185 171 156
18 44 5 0 0 16 87 102 117 147 10 104 96 87
19 42 10 36 16 0 72 87 102 132 10 184 170 155
20 42 15 0 7 7 122 137 152 182 10 161 149 136
21 40 5 0 8 0 67 82 97 127 10 103 95 87
22 40 15 34 23 40 92 107 122 152 10 241 223 204
23 38 5 0 26 7 65 80 95 125 10 207 191 175
24 38 15 2 0 1 148 163 178 208 10 161 149 136
25 35 5 13 19 15 154 169 184 214 10 312 289 264
26 95 30 22 14 20 115 130 145 175 10 404 374 341
27 95 35 6 2 12 62 77 92 122 10 394 364 332
28 92 30 7 3 5 62 77 92 122 10 385 356 324
29 90 35 2 6 10 67 82 97 127 10 360 333 304
30 88 30 1 2 1 74 89 104 134 10 359 332 303
31 88 35 16 3 17 61 76 91 121 10 347 321 293
32 87 30 10 3 6 131 146 161 191 10 353 326 297
33 85 25 4 5 4 51 66 81 111 10 355 329 300
34 85 35 1 7 11 111 126 141 171 10 327 303 276
35 67 85 14 12 8 139 154 169 199 10 305 282 257
36 65 85 0 12 4 43 58 73 103 10 198 183 167
37 65 82 0 8 10 124 139 154 184 10 187 173 157
38 62 80 0 13 27 75 90 105 135 10 171 158 144
39 60 80 2 0 0 37 52 67 97 10 83 76 70
40 60 85 0 10 29 85 100 115 145 10 185 171 156
41 58 75 14 6 5 92 107 122 152 10 212 196 179
42 55 80 9 2 2 33 48 63 93 10 231 214 195
43 55 85 0 14 1 128 143 158 188 10 175 162 148
44 55 82 0 2 3 64 79 94 124 10 162 150 137
45 20 82 0 7 4 37 52 67 97 10 173 160 146
46 18 80 1 0 8 113 128 143 173 10 171 158 144
47 2 45 4 0 8 45 60 75 105 10 176 163 149
48 42 5 10 5 6 151 166 181 211 10 311 287 262
49 42 12 9 0 3 104 119 134 164 10 175 162 147
50 72 35 15 2 5 116 131 146 176 10 244 225 206
51 55 20 6 5 13 83 98 113 143 10 231 214 195
52 25 30 0 0 1 52 67 82 112 10 57 53 48
53 20 50 3 0 2 91 106 121 151 10 92 85 77
54 55 60 12 9 7 139 154 169 199 10 124 115 105
55 30 60 8 5 0 140 155 170 200 10 65 60 54
56 50 35 3 0 3 130 145 160 190 10 83 76 70
57 30 25 0 18 16 96 111 126 156 10 124 114 104
58 15 10 15 20 14 152 167 182 212 10 326 301 275
59 10 20 4 3 8 42 57 72 102 10 293 271 247
60 15 60 10 7 17 155 170 185 215 10 186 172 157
61 45 65 1 0 6 66 81 96 126 10 72 67 61
62 65 35 2 0 2 52 67 82 112 10 134 124 113
63 65 20 4 2 0 39 54 69 99 10 179 166 151
64 45 30 2 17 12 53 68 83 113 10 142 131 120
65 35 40 16 6 2 11 26 41 71 10 77 71 65
66 41 37 1 16 9 133 148 163 193 10 90 83 76
67 64 42 8 5 2 70 85 100 130 10 174 161 147
68 40 60 20 21 13 144 159 174 204 10 69 63 58
69 31 52 19 17 24 41 56 71 101 10 63 58 53
70 35 69 5 21 11 180 195 210 240 10 135 125 114
71 65 55 9 2 5 65 80 95 125 10 176 162 148
72 63 65 8 0 5 30 45 60 90 10 126 117 106
73 2 60 1 5 3 77 92 107 137 10 271 251 229
74 20 20 1 6 0 141 156 171 201 10 166 153 140
75 5 5 12 3 4 74 89 104 134 10 394 364 332
76 60 12 21 0 3 75 90 105 135 10 197 183 166
77 23 3 3 4 1 150 165 180 210 10 345 319 291
78 8 56 27 22 22 90 105 120 150 10 225 208 189
79 6 68 23 10 0 89 104 119 149 10 177 163 149
80 47 47 1 11 11 192 207 222 252 10 52 48 44
81 49 58 10 7 4 86 101 116 146 10 83 76 70
82 27 43 3 0 3 42 57 72 102 10 68 62 57
83 37 31 0 0 12 35 50 65 95 10 44 40 37
84 57 29 2 17 6 96 111 126 156 10 186 172 157
85 63 23 0 0 1 87 102 117 147 10 81 75 68
86 21 24 14 7 8 87 102 117 147 10 222 205 187
87 12 24 0 4 2 90 105 120 150 10 176 162 148
88 24 58 3 0 19 67 82 97 127 10 82 76 69
89 67 5 22 6 24 144 159 174 204 10 362 335 306
90 37 47 5 0 2 86 101 116 146 10 19 18 16
91 49 42 10 8 7 167 182 197 227 10 83 76 70
92 53 43 9 2 14 14 29 44 74 10 102 94 86
93 61 52 2 0 0 178 193 208 238 10 48 44 41
94 57 48 0 18 14 95 110 125 155 10 78 72 66
95 56 37 0 2 0 34 49 64 94 10 47 43 40
96 55 54 13 7 8 132 147 162 192 10 107 99 90
97 4 18 3 7 32 120 135 150 180 10 332 307 280
98 26 52 1 5 5 46 61 76 106 10 97 90 82
99 26 35 12 13 14 77 92 107 137 10 141 131 119
100 31 67 1 1 2 180 195 210 240 10 132 122 112
0 40 50 0 0 0 0 240 240 240 0 0 0 0
