customer xCoord yCoord demandWasteType1 demandWasteType2 demandWasteType3 readyTime dueDateNarrow dueDate dueDateWide service bidNarrow bid bidWide
0 40 50 0 0 0 0 240 240 240 0 0 0 0
1 25 85 15 0 1 0 95 191 382 10 168 155 146
2 22 75 30 22 12 0 99 199 398 10 204 189 177
3 22 85 7 0 0 0 95 190 380 10 87 80 75
4 20 80 19 23 0 141 156 171 201 10 159 147 138
5 20 85 6 6 0 0 94 189 378 10 178 165 154
6 18 75 14 17 18 95 110 125 155 10 221 204 191
7 15 75 9 8 17 0 97 194 388 10 234 217 203
8 15 80 0 0 1 91 106 121 151 10 86 79 74
9 10 35 11 14 13 91 106 121 151 10 222 205 193
10 10 40 14 0 26 119 134 149 179 10 140 129 121
11 8 40 37 18 17 59 74 89 119 10 222 205 193
12 8 45 17 3 8 0 98 197 394 10 215 198 186
13 5 35 0 0 8 142 157 172 202 10 84 77 73
14 5 45 0 0 8 35 50 65 95 10 78 72 67
15 2 40 14 17 14 58 73 88 118 10 260 241 226
16 0 40 13 0 0 72 87 102 132 10 91 84 79
17 0 45 15 14 12 149 164 179 209 10 267 247 232
18 44 5 1 5 12 87 102 117 147 10 300 277 260
19 42 10 21 4 26 72 87 102 132 10 265 245 230
20 42 15 0 10 3 122 137 152 182 10 155 143 134
21 40 5 6 7 4 0 92 185 370 10 298 276 259
22 40 15 4 28 22 92 107 122 152 10 232 214 201
23 38 5 0 0 10 65 80 95 125 10 99 92 86
24 38 15 2 7 7 148 163 178 208 10 232 215 201
25 35 5 15 0 0 154 169 184 214 10 100 92 86
26 95 30 19 11 2 0 85 171 342 10 388 359 336
27 95 35 20 17 0 62 77 92 122 10 252 233 218
28 92 30 0 9 0 62 77 92 122 10 123 114 106
29 90 35 4 7 5 67 82 97 127 10 346 320 300
30 88 30 0 2 8 74 89 104 134 10 230 212 199
31 88 35 16 7 12 0 89 179 358 10 333 308 289
32 87 30 4 1 6 131 146 161 191 10 339 313 294
33 85 25 2 0 5 51 66 81 111 10 227 210 197
34 85 35 15 0 13 0 91 182 364 10 210 194 182
35 67 85 5 0 13 139 154 169 199 10 195 180 169
36 65 85 30 6 16 43 58 73 103 10 285 264 247
37 65 82 0 6 0 0 94 189 378 10 89 83 77
38 62 80 2 29 0 75 90 105 135 10 164 152 142
39 60 80 0 0 9 37 52 67 97 10 79 73 69
40 60 85 27 0 8 85 100 115 145 10 178 165 154
41 58 75 16 15 10 92 107 122 152 10 204 189 177
42 55 80 1 0 6 33 48 63 93 10 148 137 128
43 55 85 2 20 12 128 143 158 188 10 252 233 219
44 55 82 9 9 8 64 79 94 124 10 234 217 203
45 20 82 6 10 6 37 52 67 97 10 250 231 217
46 18 80 10 0 7 113 128 143 173 10 164 152 142
47 2 45 0 10 3 45 60 75 105 10 169 156 147
48 42 5 3 6 1 0 92 184 368 10 299 276 259
49 42 12 9 8 0 104 119 134 164 10 168 155 146
50 72 35 17 20 22 0 97 194 388 10 234 217 203
51 55 20 4 18 10 83 98 113 143 10 222 205 193
52 25 30 1 2 3 0 102 205 410 10 166 153 143
53 20 50 3 0 0 91 106 121 151 10 44 40 38
54 55 60 11 6 5 139 154 169 199 10 119 110 103
55 30 60 5 5 12 140 155 170 200 10 93 86 81
56 50 35 12 6 8 130 145 160 190 10 119 110 103
57 30 25 22 4 12 96 111 126 156 10 178 165 155
58 15 10 9 3 19 152 167 182 212 10 313 289 271
59 10 20 0 14 17 0 93 187 374 10 187 173 162
60 15 60 0 13 17 155 170 185 215 10 119 110 103
61 45 65 6 3 2 66 81 96 126 10 105 97 91
62 65 35 1 0 3 52 67 82 112 10 129 119 111
63 65 20 5 4 0 39 54 69 99 10 172 159 149
64 45 30 1 8 3 53 68 83 113 10 136 126 118
65 35 40 12 1 11 11 26 41 71 10 74 68 64
66 41 37 7 0 0 133 148 163 193 10 28 26 25
67 64 42 3 2 1 70 85 100 130 10 168 155 145
68 40 60 3 0 20 144 159 174 204 10 44 40 38
69 31 52 12 27 0 41 56 71 101 10 40 37 35
70 35 69 5 0 13 180 195 210 240 10 86 80 75
71 65 55 14 0 12 65 80 95 125 10 112 104 97
72 63 65 8 0 2 0 101 202 404 10 121 112 105
73 2 60 0 0 5 77 92 107 137 10 86 80 75
74 20 20 3 8 0 141 156 171 201 10 159 147 138
75 5 5 8 6 16 0 86 172 344 10 378 350 328
76 60 12 17 24 8 75 90 105 135 10 285 263 247
77 23 3 0 7 7 150 165 180 210 10 221 204 191
78 8 56 13 8 5 90 105 120 150 10 216 199 187
79 6 68 15 0 14 89 104 119 149 10 170 157 147
80 47 47 7 2 1 192 207 222 252 10 50 46 43
81 49 58 6 9 8 86 101 116 146 10 79 73 69
82 27 43 1 6 3 0 107 215 430 10 98 90 85
83 37 31 3 10 2 0 105 210 420 10 127 118 110
84 57 29 4 15 14 96 111 126 156 10 179 165 155
85 63 23 1 2 0 0 97 194 388 10 157 145 136
86 21 24 26 17 7 87 102 117 147 10 213 197 185
87 12 24 0 9 5 90 105 120 150 10 169 156 146
88 24 58 0 2 16 67 82 97 127 10 79 73 68
89 67 5 0 24 9 144 159 174 204 10 232 214 201
90 37 47 0 3 1 86 101 116 146 10 18 17 16
91 49 42 7 0 1 0 108 217 434 10 53 49 46
92 53 43 0 7 0 14 29 44 74 10 32 30 28
93 61 52 0 3 0 178 193 208 238 10 46 43 40
94 57 48 1 15 2 0 106 212 424 10 113 105 98
95 56 37 6 0 3 0 104 209 418 10 91 84 79
96 55 54 12 19 15 0 107 214 428 10 103 95 89
97 4 18 4 31 14 120 135 150 180 10 319 295 277
98 26 52 4 1 9 0 107 215 430 10 93 86 81
99 26 35 1 11 5 77 92 107 137 10 136 125 118
100 31 67 1 3 3 180 195 210 240 10 127 118 110
0 40 50 0 0 0 0 240 240 240 0 0 0 0
