customer xCoord yCoord demandWasteType1 demandWasteType2 readyTime dueDateNarrow dueDate dueDateWide service bidNarrow bid bidWide
0 40 50 0 0 0 1236 1236 1236 0 0 0 0
1 45 68 8 4 912 939 967 1022 90 84 80 73
2 45 70 14 0 825 847 870 915 90 46 44 40
3 42 66 5 0 65 105 146 227 90 36 34 31
4 42 68 6 2 727 754 782 837 90 82 77 71
5 42 65 3 7 15 41 67 119 90 68 64 59
6 40 69 13 4 621 661 702 783 90 86 81 74
7 40 66 0 16 170 197 225 280 90 36 34 31
8 38 68 11 0 255 289 324 393 90 41 38 35
9 38 70 4 1 534 569 605 676 90 91 86 78
10 35 66 2 8 357 383 410 463 90 76 71 65
11 35 69 10 4 448 476 505 562 90 89 84 77
12 25 85 19 2 652 686 721 790 90 173 163 149
13 22 75 6 17 30 61 92 154 90 139 132 120
14 22 85 10 0 567 593 620 673 90 89 84 77
15 20 80 38 0 384 406 429 474 90 81 77 70
16 20 85 7 0 475 501 528 581 90 91 86 79
17 18 75 19 15 99 123 148 197 90 151 142 130
18 15 75 0 3 179 216 254 329 90 80 75 69
19 15 80 8 8 278 311 345 412 90 177 167 153
20 30 50 1 9 10 41 73 136 90 45 42 39
21 30 52 11 19 914 939 965 1016 90 46 43 39
22 28 52 5 9 812 847 883 954 90 55 52 47
23 28 55 7 0 732 754 777 822 90 29 27 25
24 25 50 6 4 65 104 144 223 90 68 64 58
25 25 52 0 23 169 196 224 279 90 34 32 29
26 25 55 9 10 622 661 701 780 90 71 67 62
27 23 52 0 1 261 288 316 371 90 38 36 33
28 23 55 20 13 546 569 593 640 90 80 76 69
29 20 50 0 7 358 381 405 452 90 45 42 39
30 20 55 5 0 449 476 504 559 90 46 44 40
31 10 35 0 3 200 218 237 274 90 76 71 65
32 10 40 6 4 31 65 100 169 90 143 135 124
33 8 40 14 0 87 122 158 229 90 76 71 65
34 8 45 0 16 751 783 816 881 90 73 69 63
35 5 35 1 0 283 313 344 405 90 86 81 74
36 5 45 6 10 665 690 716 767 90 160 151 138
37 2 40 17 4 383 408 434 485 90 178 168 154
38 0 40 5 0 479 500 522 565 90 93 88 80
39 0 45 7 7 567 595 624 681 90 183 172 158
40 35 30 6 1 264 292 321 378 90 93 88 80
41 35 32 0 5 166 200 235 304 90 42 40 36
42 33 32 19 4 68 108 149 230 90 87 82 75
43 33 35 5 3 16 48 80 144 90 75 71 64
44 32 30 0 10 359 385 412 465 90 48 46 42
45 30 30 3 5 541 570 600 659 90 101 95 87
46 30 32 3 11 448 478 509 570 90 93 88 80
47 30 35 5 10 1054 1090 1127 1200 90 81 77 70
48 28 30 0 8 632 662 693 754 90 52 50 45
49 28 35 0 5 1001 1033 1066 1131 90 43 41 37
50 26 32 3 8 815 847 880 945 90 103 97 89
51 25 30 3 3 725 755 786 847 90 113 107 98
52 25 35 3 0 912 940 969 1026 90 48 45 41
53 44 5 7 18 286 316 347 408 90 205 193 177
54 42 10 3 19 186 221 257 328 90 181 171 157
55 42 15 10 6 95 126 158 221 90 159 150 137
56 40 5 26 0 385 410 436 487 90 102 96 88
57 40 15 36 25 35 61 87 139 90 159 150 137
58 38 5 0 24 471 502 534 597 90 102 96 88
59 38 15 4 9 651 695 740 829 90 159 150 137
60 35 5 8 13 562 595 629 696 90 205 194 177
61 50 30 2 0 531 570 610 689 90 50 47 43
62 50 35 14 3 262 289 317 372 90 81 77 70
63 50 40 11 0 171 194 218 265 90 32 30 27
64 48 30 1 9 632 662 693 754 90 97 92 84
65 48 40 3 9 76 102 129 182 90 58 54 50
66 47 35 6 3 826 850 875 924 90 75 71 64
67 47 40 10 5 12 44 77 142 90 55 52 47
68 45 30 4 1 734 755 777 820 90 93 88 80
69 45 35 4 1 916 942 969 1022 90 71 67 62
70 95 30 15 4 387 421 456 525 90 265 251 229
71 95 35 0 10 293 326 360 427 90 129 122 111
72 53 30 0 1 450 477 505 560 90 54 51 46
73 92 30 5 3 478 514 551 624 90 253 239 218
74 53 35 39 0 353 382 412 471 90 45 42 38
75 45 65 10 0 997 1032 1068 1139 90 35 33 31
76 90 35 10 10 203 231 260 317 90 237 223 204
77 88 30 7 3 574 608 643 712 90 236 223 203
78 88 35 9 7 109 139 170 231 90 228 215 197
79 87 30 7 8 668 699 731 794 90 232 219 200
80 85 25 1 5 769 794 820 871 90 233 220 201
81 85 35 5 29 47 85 124 201 90 215 203 186
82 75 55 1 0 369 394 420 471 90 80 75 69
83 72 55 0 10 265 301 338 411 90 73 69 63
84 70 58 18 15 458 490 523 588 90 141 133 121
85 68 60 1 0 555 583 612 669 90 67 63 58
86 66 55 9 5 173 205 238 303 90 120 113 103
87 65 55 11 2 85 114 144 203 90 115 109 99
88 65 60 23 30 645 676 708 771 90 122 115 105
89 63 58 8 1 737 769 802 867 90 110 104 95
90 60 55 10 8 20 52 84 148 90 93 88 80
91 60 60 5 1 836 862 889 942 90 101 95 87
92 67 85 3 11 368 404 441 514 90 200 189 173
93 65 85 0 10 475 496 518 561 90 97 92 84
94 65 82 0 5 285 310 336 387 90 92 87 79
95 62 80 4 0 196 217 239 282 90 84 79 72
96 60 80 10 0 95 125 156 217 90 81 77 70
97 60 85 27 13 561 591 622 683 90 183 172 158
98 58 75 16 2 30 57 84 138 90 139 132 120
99 55 80 2 3 743 781 820 897 90 152 143 131
100 55 85 10 17 647 686 726 805 90 173 163 149
0 40 50 0 0 0 1236 1236 1236 0 0 0 0
