customer xCoord yCoord demandWasteType1 demandWasteType2 readyTime dueDateNarrow dueDate dueDateWide service bidNarrow bid bidWide
0 40 50 0 0 0 1236 1236 1236 0 0 0 0
1 45 68 8 4 0 563 1127 2254 90 88 77 72
2 45 70 15 23 0 562 1125 2250 90 97 85 80
3 42 66 8 8 0 564 1129 2258 90 76 66 62
4 42 68 10 3 727 754 782 837 90 85 75 70
5 42 65 0 3 0 565 1130 2260 90 35 31 29
6 40 69 7 20 621 661 702 783 90 89 78 73
7 40 66 15 12 0 565 1130 2260 90 75 66 62
8 38 68 2 13 255 289 324 393 90 85 75 70
9 38 70 1 2 534 569 605 676 90 95 83 78
10 35 66 7 9 357 383 410 463 90 79 69 65
11 35 69 9 5 448 476 505 562 90 92 81 76
12 25 85 11 18 0 553 1107 2214 90 180 157 148
13 22 75 0 6 30 61 92 154 90 72 63 59
14 22 85 1 0 0 553 1106 2212 90 93 81 76
15 20 80 16 18 384 406 429 474 90 170 149 140
16 20 85 0 17 0 552 1105 2210 90 95 83 78
17 18 75 1 9 99 123 148 197 90 157 137 129
18 15 75 10 6 0 555 1110 2220 90 167 146 137
19 15 80 1 4 0 553 1106 2212 90 184 161 152
20 30 50 10 7 0 568 1136 2272 90 47 41 38
21 30 52 6 0 0 567 1135 2270 90 24 21 19
22 28 52 15 0 812 847 883 954 90 28 25 23
23 28 55 0 5 732 754 777 822 90 30 26 25
24 25 50 9 8 0 565 1131 2262 90 70 62 58
25 25 52 15 3 169 196 224 279 90 71 62 58
26 25 55 0 6 0 565 1130 2260 90 37 32 30
27 23 52 0 1 261 288 316 371 90 40 35 33
28 23 55 16 6 0 564 1128 2256 90 83 73 69
29 20 50 7 3 0 563 1126 2252 90 94 82 77
30 20 55 6 3 449 476 504 559 90 97 85 80
31 10 35 18 12 0 556 1112 2224 90 158 138 130
32 10 40 7 3 0 557 1114 2228 90 149 130 123
33 8 40 36 37 87 122 158 229 90 158 138 130
34 8 45 13 0 0 556 1113 2226 90 76 67 63
35 5 35 2 6 283 313 344 405 90 180 157 148
36 5 45 7 8 665 690 716 767 90 167 146 137
37 2 40 2 19 0 553 1106 2212 90 185 162 153
38 0 40 11 10 479 500 522 565 90 194 170 160
39 0 45 16 0 567 595 624 681 90 95 83 78
40 35 30 3 9 264 292 321 378 90 97 85 80
41 35 32 5 2 166 200 235 304 90 88 77 72
42 33 32 1 8 68 108 149 230 90 91 80 75
43 33 35 0 3 0 564 1129 2258 90 39 34 32
44 32 30 5 0 359 385 412 465 90 50 44 41
45 30 30 4 6 541 570 600 659 90 105 92 87
46 30 32 27 28 0 562 1125 2250 90 97 85 80
47 30 35 3 1 0 563 1127 2254 90 85 74 70
48 28 30 10 0 0 561 1122 2244 90 55 48 45
49 28 35 6 0 1001 1033 1066 1131 90 45 39 37
50 26 32 0 10 0 561 1123 2246 90 53 47 44
51 25 30 1 4 0 560 1121 2242 90 118 103 97
52 25 35 0 10 0 562 1124 2248 90 50 43 41
53 44 5 6 0 286 316 347 408 90 106 93 87
54 42 10 32 3 0 552 1105 2210 90 189 165 155
55 42 15 0 1 95 126 158 221 90 82 72 68
56 40 5 0 3 385 410 436 487 90 106 93 87
57 40 15 37 15 0 555 1111 2222 90 165 144 136
58 38 5 3 29 471 502 534 597 90 213 186 175
59 38 15 2 4 0 555 1110 2220 90 165 145 136
60 35 5 14 15 0 550 1100 2200 90 214 187 176
61 50 30 7 5 0 561 1123 2246 90 105 92 87
62 50 35 15 0 262 289 317 372 90 42 37 35
63 50 40 45 20 0 565 1131 2262 90 66 58 55
64 48 30 4 10 632 662 693 754 90 101 89 83
65 48 40 6 0 76 102 129 182 90 30 26 24
66 47 35 0 7 826 850 875 924 90 39 34 32
67 47 40 9 4 12 44 77 142 90 57 50 47
68 45 30 8 4 734 755 777 820 90 97 85 80
69 45 35 9 4 916 942 969 1022 90 74 65 61
70 95 30 12 19 387 421 456 525 90 276 242 227
71 95 35 15 13 0 544 1088 2176 90 269 236 222
72 53 30 8 7 0 561 1122 2244 90 112 98 92
73 92 30 0 5 0 545 1090 2180 90 131 115 108
74 53 35 0 19 353 382 412 471 90 46 41 38
75 45 65 0 20 0 565 1130 2260 90 37 32 30
76 90 35 2 1 203 231 260 317 90 246 216 203
77 88 30 3 3 574 608 643 712 90 245 215 202
78 88 35 0 17 109 139 170 231 90 118 104 97
79 87 30 1 1 668 699 731 794 90 241 211 198
80 85 25 2 7 769 794 820 871 90 243 213 200
81 85 35 12 13 0 549 1098 2196 90 224 196 184
82 75 55 12 19 0 555 1110 2220 90 167 146 137
83 72 55 4 1 0 556 1113 2226 90 153 134 126
84 70 58 3 9 458 490 523 588 90 146 128 120
85 68 60 4 17 0 558 1116 2232 90 140 123 115
86 66 55 7 1 0 559 1119 2238 90 125 109 103
87 65 55 3 0 85 114 144 203 90 60 52 49
88 65 60 21 0 645 676 708 771 90 63 55 52
89 63 58 1 4 0 560 1121 2242 90 115 100 94
90 60 55 0 5 0 562 1125 2250 90 48 42 40
91 60 60 10 0 0 561 1123 2246 90 52 46 43
92 67 85 1 13 368 404 441 514 90 209 183 172
93 65 85 36 12 475 496 518 561 90 203 178 167
94 65 82 8 3 0 552 1105 2210 90 192 168 158
95 62 80 28 21 0 554 1108 2216 90 175 154 144
96 60 80 2 2 0 554 1109 2218 90 170 149 140
97 60 85 24 3 0 552 1105 2210 90 190 166 156
98 58 75 16 18 0 557 1115 2230 90 145 127 119
99 55 80 6 9 743 781 820 897 90 158 138 130
100 55 85 11 11 647 686 726 805 90 180 157 148
0 40 50 0 0 0 1236 1236 1236 0 0 0 0
