customer xCoord yCoord demandWasteType1 demandWasteType2 readyTime dueDateNarrow dueDate dueDateWide service bidNarrow bid bidWide
0 40 50 0 0 0 1236 1236 1236 0 0 0 0
1 45 68 5 0 0 563 1127 2254 90 44 38 33
2 45 70 9 10 0 562 1125 2250 90 97 84 74
3 42 66 9 5 0 564 1129 2258 90 76 65 58
4 42 68 0 7 727 754 782 837 90 42 36 32
5 42 65 0 4 0 565 1130 2260 90 35 30 27
6 40 69 19 15 621 661 702 783 90 90 77 68
7 40 66 17 18 0 565 1130 2260 90 75 65 57
8 38 68 19 4 255 289 324 393 90 85 73 65
9 38 70 0 10 534 569 605 676 90 47 40 36
10 35 66 6 4 357 383 410 463 90 79 68 60
11 35 69 5 6 448 476 505 562 90 93 80 70
12 25 85 13 11 0 553 1107 2214 90 180 155 137
13 22 75 27 10 30 61 92 154 90 146 125 111
14 22 85 3 0 567 593 620 673 90 93 80 70
15 20 80 12 7 384 406 429 474 90 171 146 130
16 20 85 14 16 475 501 528 581 90 191 164 145
17 18 75 16 15 99 123 148 197 90 158 135 120
18 15 75 7 3 179 216 254 329 90 167 144 127
19 15 80 6 1 278 311 345 412 90 185 159 140
20 30 50 1 8 10 41 73 136 90 47 40 36
21 30 52 15 3 0 567 1135 2270 90 48 41 36
22 28 52 19 6 812 847 883 954 90 57 49 43
23 28 55 6 3 732 754 777 822 90 61 52 46
24 25 50 0 5 65 104 144 223 90 35 30 27
25 25 52 20 24 169 196 224 279 90 71 61 54
26 25 55 10 7 0 565 1130 2260 90 75 64 57
27 23 52 10 5 261 288 316 371 90 81 69 61
28 23 55 7 12 546 569 593 640 90 84 72 63
29 20 50 9 7 358 381 405 452 90 94 81 72
30 20 55 5 10 449 476 504 559 90 97 84 74
31 10 35 5 12 0 556 1112 2224 90 159 136 120
32 10 40 29 22 31 65 100 169 90 150 128 114
33 8 40 16 0 87 122 158 229 90 79 68 60
34 8 45 7 7 0 556 1113 2226 90 153 132 116
35 5 35 6 6 283 313 344 405 90 180 155 137
36 5 45 10 0 665 690 716 767 90 83 72 63
37 2 40 16 17 0 553 1106 2212 90 186 160 141
38 0 40 11 0 479 500 522 565 90 97 84 74
39 0 45 10 4 567 595 624 681 90 191 164 145
40 35 30 9 0 264 292 321 378 90 48 42 37
41 35 32 0 9 166 200 235 304 90 44 38 33
42 33 32 12 9 68 108 149 230 90 91 78 69
43 33 35 3 9 16 48 80 144 90 78 67 59
44 32 30 3 0 359 385 412 465 90 51 43 38
45 30 30 7 6 541 570 600 659 90 106 91 80
46 30 32 23 16 448 478 509 570 90 97 83 74
47 30 35 0 5 1054 1090 1127 1200 90 42 36 32
48 28 30 2 2 0 561 1122 2244 90 110 95 84
49 28 35 0 4 1001 1033 1066 1131 90 45 39 34
50 26 32 5 5 0 561 1123 2246 90 108 92 82
51 25 30 5 5 725 755 786 847 90 118 101 90
52 25 35 8 7 0 562 1124 2248 90 100 86 76
53 44 5 6 14 286 316 347 408 90 214 184 162
54 42 10 25 2 186 221 257 328 90 190 163 144
55 42 15 7 0 95 126 158 221 90 83 71 63
56 40 5 7 17 385 410 436 487 90 213 183 162
57 40 15 7 8 35 61 87 139 90 166 142 126
58 38 5 10 8 471 502 534 597 90 213 183 162
59 38 15 5 10 0 555 1110 2220 90 166 142 126
60 35 5 11 0 562 595 629 696 90 107 92 81
61 50 30 9 5 531 570 610 689 90 106 91 80
62 50 35 2 3 262 289 317 372 90 85 73 65
63 50 40 33 10 171 194 218 265 90 67 57 50
64 48 30 0 5 632 662 693 754 90 51 43 38
65 48 40 3 5 76 102 129 182 90 60 52 46
66 47 35 8 1 826 850 875 924 90 78 67 59
67 47 40 7 2 12 44 77 142 90 57 49 44
68 45 30 0 6 734 755 777 820 90 48 42 37
69 45 35 10 10 916 942 969 1022 90 75 64 57
70 95 30 23 0 387 421 456 525 90 138 119 105
71 95 35 6 3 293 326 360 427 90 270 232 205
72 53 30 2 10 0 561 1122 2244 90 113 97 86
73 92 30 0 6 478 514 551 624 90 132 113 100
74 53 35 1 35 353 382 412 471 90 94 80 71
75 45 65 6 15 0 565 1130 2260 90 75 64 57
76 90 35 9 10 203 231 260 317 90 247 212 188
77 88 30 4 0 574 608 643 712 90 123 105 93
78 88 35 16 20 109 139 170 231 90 238 205 181
79 87 30 0 4 668 699 731 794 90 121 104 92
80 85 25 9 4 769 794 820 871 90 244 209 185
81 85 35 10 6 47 85 124 201 90 225 193 171
82 75 55 3 15 0 555 1110 2220 90 167 144 127
83 72 55 0 5 0 556 1113 2226 90 76 66 58
84 70 58 20 15 458 490 523 588 90 147 126 111
85 68 60 15 1 0 558 1116 2232 90 141 121 107
86 66 55 3 9 173 205 238 303 90 125 107 95
87 65 55 0 12 85 114 144 203 90 60 51 45
88 65 60 4 5 645 676 708 771 90 127 109 97
89 63 58 5 8 737 769 802 867 90 115 99 87
90 60 55 6 8 20 52 84 148 90 97 84 74
91 60 60 8 0 0 561 1123 2246 90 53 45 40
92 67 85 3 6 368 404 441 514 90 209 180 159
93 65 85 21 15 475 496 518 561 90 204 175 155
94 65 82 10 0 0 552 1105 2210 90 96 82 73
95 62 80 18 0 0 554 1108 2216 90 88 75 67
96 60 80 10 3 0 554 1109 2218 90 171 146 130
97 60 85 28 25 561 591 622 683 90 191 164 145
98 58 75 7 1 0 557 1115 2230 90 146 125 111
99 55 80 3 7 743 781 820 897 90 159 136 120
100 55 85 13 11 647 686 726 805 90 180 155 137
0 40 50 0 0 0 1236 1236 1236 0 0 0 0
