customer xCoord yCoord demandWasteType1 demandWasteType2 readyTime dueDateNarrow dueDate dueDateWide service bidNarrow bid bidWide
0 40 50 0 0 0 240 240 240 0 0 0 0
1 25 85 0 16 145 160 175 205 10 86 82 69
2 22 75 28 0 50 65 80 110 10 69 66 56
3 22 85 6 6 109 124 139 169 10 178 171 143
4 20 80 0 38 141 156 171 201 10 81 78 65
5 20 85 1 4 41 56 71 101 10 182 175 146
6 18 75 17 2 95 110 125 155 10 151 144 121
7 15 75 9 13 79 94 109 139 10 160 153 128
8 15 80 1 2 91 106 121 151 10 177 169 142
9 10 35 7 0 91 106 121 151 10 76 72 61
10 10 40 18 0 119 134 149 179 10 71 68 57
11 8 40 11 18 59 74 89 119 10 152 145 122
12 8 45 0 15 64 79 94 124 10 73 70 58
13 5 35 8 8 142 157 172 202 10 172 165 138
14 5 45 2 8 35 50 65 95 10 160 153 128
15 2 40 0 2 58 73 88 118 10 89 85 71
16 0 40 2 4 72 87 102 132 10 187 179 150
17 0 45 0 13 149 164 179 209 10 91 87 73
18 44 5 16 0 87 102 117 147 10 102 98 82
19 42 10 36 16 72 87 102 132 10 181 174 145
20 42 15 0 7 122 137 152 182 10 79 76 63
21 40 5 0 8 67 82 97 127 10 102 97 81
22 40 15 34 23 92 107 122 152 10 158 152 127
23 38 5 0 26 65 80 95 125 10 102 97 82
24 38 15 2 0 148 163 178 208 10 79 76 63
25 35 5 13 19 154 169 184 214 10 205 196 164
26 95 30 22 14 115 130 145 175 10 265 254 213
27 95 35 6 2 62 77 92 122 10 258 247 207
28 92 30 7 3 62 77 92 122 10 252 242 202
29 90 35 2 6 67 82 97 127 10 236 226 190
30 88 30 1 2 74 89 104 134 10 235 226 189
31 88 35 16 3 61 76 91 121 10 228 218 183
32 87 30 10 3 131 146 161 191 10 231 222 186
33 85 25 4 5 51 66 81 111 10 233 223 187
34 85 35 1 7 111 126 141 171 10 215 206 172
35 67 85 14 12 139 154 169 199 10 200 192 161
36 65 85 0 12 43 58 73 103 10 97 93 78
37 65 82 0 8 124 139 154 184 10 92 88 73
38 62 80 0 13 75 90 105 135 10 84 80 67
39 60 80 2 0 37 52 67 97 10 81 78 65
40 60 85 0 10 85 100 115 145 10 91 87 73
41 58 75 14 6 92 107 122 152 10 139 133 112
42 55 80 9 2 33 48 63 93 10 152 145 122
43 55 85 0 14 128 143 158 188 10 86 82 69
44 55 82 0 2 64 79 94 124 10 80 76 64
45 20 82 0 7 37 52 67 97 10 85 82 68
46 18 80 1 0 113 128 143 173 10 84 80 67
47 2 45 4 0 45 60 75 105 10 86 83 69
48 42 5 10 5 151 166 181 211 10 204 195 164
49 42 12 9 0 104 119 134 164 10 86 82 69
50 72 35 15 2 116 131 146 176 10 160 153 128
51 55 20 6 5 83 98 113 143 10 152 145 122
52 25 30 0 1 52 67 82 112 10 56 54 45
53 20 50 3 0 91 106 121 151 10 45 43 36
54 55 60 12 9 139 154 169 199 10 81 78 65
55 30 60 8 5 140 155 170 200 10 64 61 51
56 50 35 3 0 130 145 160 190 10 40 39 32
57 30 25 0 18 96 111 126 156 10 61 58 49
58 15 10 15 20 152 167 182 212 10 213 205 171
59 10 20 4 3 42 57 72 102 10 192 184 154
60 15 60 10 7 155 170 185 215 10 122 117 98
61 45 65 1 0 66 81 96 126 10 35 34 28
62 65 35 2 0 52 67 82 112 10 66 63 53
63 65 20 4 2 39 54 69 99 10 177 169 142
64 45 30 2 17 53 68 83 113 10 93 89 75
65 35 40 16 6 11 26 41 71 10 50 48 40
66 41 37 1 16 133 148 163 193 10 59 56 47
67 64 42 8 5 70 85 100 130 10 114 110 92
68 40 60 20 21 144 159 174 204 10 45 43 36
69 31 52 19 17 41 56 71 101 10 41 40 33
70 35 69 5 21 180 195 210 240 10 89 85 71
71 65 55 9 2 65 80 95 125 10 115 110 92
72 63 65 8 0 30 45 60 90 10 62 59 50
73 2 60 1 5 77 92 107 137 10 178 170 143
74 20 20 1 6 141 156 171 201 10 163 156 131
75 5 5 12 3 74 89 104 134 10 258 247 207
76 60 12 21 0 75 90 105 135 10 97 93 78
77 23 3 3 4 150 165 180 210 10 226 217 182
78 8 56 27 22 90 105 120 150 10 147 141 118
79 6 68 23 10 89 104 119 149 10 174 167 140
80 47 47 1 11 192 207 222 252 10 34 33 27
81 49 58 10 7 86 101 116 146 10 54 52 43
82 27 43 3 0 42 57 72 102 10 33 32 26
83 37 31 0 12 35 50 65 95 10 43 41 35
84 57 29 2 17 96 111 126 156 10 122 117 98
85 63 23 1 0 87 102 117 147 10 80 77 64
86 21 24 14 7 87 102 117 147 10 146 140 117
87 12 24 0 4 90 105 120 150 10 86 83 69
88 24 58 3 0 67 82 97 127 10 40 38 32
89 67 5 22 6 144 159 174 204 10 238 228 191
90 37 47 5 0 86 101 116 146 10 9 9 7
91 49 42 10 8 167 182 197 227 10 54 52 43
92 53 43 9 2 14 29 44 74 10 66 64 53
93 61 52 2 0 178 193 208 238 10 47 45 38
94 57 48 0 18 95 110 125 155 10 38 37 31
95 56 37 0 2 34 49 64 94 10 46 44 37
96 55 54 13 7 132 147 162 192 10 70 67 56
97 4 18 3 7 120 135 150 180 10 218 209 175
98 26 52 1 5 46 61 76 106 10 64 61 51
99 26 35 12 13 77 92 107 137 10 93 89 74
100 31 67 1 1 180 195 210 240 10 87 83 70
0 40 50 0 0 0 240 240 240 0 0 0 0
