customer xCoord yCoord demandWasteType1 demandWasteType2 readyTime dueDateNarrow dueDate dueDateWide service bidNarrow bid bidWide
0 35 35 0 0 0 230 230 230 0 0 0 0
1 41 49 7 1 161 166 171 181 10 6 6 5
2 35 17 2 0 50 55 60 70 10 79 71 62
3 55 45 13 11 116 121 126 136 10 75 68 58
4 55 20 7 13 149 154 159 169 10 159 144 125
5 15 30 0 10 34 39 44 54 10 76 69 59
6 25 30 3 0 99 104 109 119 10 59 53 46
7 20 50 5 5 81 86 91 101 10 95 86 74
8 10 43 8 5 95 100 105 115 10 146 132 114
9 55 60 12 6 97 102 107 117 10 85 77 67
10 30 60 13 11 124 129 134 144 10 67 60 52
11 20 65 0 11 67 72 77 87 10 59 53 46
12 50 35 17 0 63 68 73 83 10 42 38 33
13 30 25 0 20 159 164 169 179 10 63 58 50
14 15 10 16 14 32 37 42 52 10 224 203 175
15 30 5 8 8 61 66 71 81 10 218 198 171
16 10 20 3 16 75 80 85 95 10 201 182 158
17 5 30 0 1 157 162 167 177 10 95 86 75
18 20 40 10 1 87 92 97 107 10 106 96 83
19 15 60 16 0 76 81 86 96 10 63 58 50
20 45 65 8 0 126 131 136 146 10 37 34 29
21 45 20 4 0 62 67 72 82 10 72 65 56
22 45 10 17 14 97 102 107 117 10 191 173 150
23 55 5 29 14 68 73 78 88 10 225 204 176
24 65 35 2 2 153 158 163 173 10 138 125 108
25 65 20 4 0 172 177 182 192 10 92 84 72
26 45 30 13 5 132 137 142 152 10 97 88 76
27 35 40 5 13 37 42 47 57 10 53 48 41
28 41 37 2 4 39 44 49 59 10 61 56 48
29 64 42 4 7 63 68 73 83 10 120 109 94
30 40 60 10 17 71 76 81 91 10 47 43 37
31 31 52 25 25 50 55 60 70 10 43 39 34
32 35 69 12 14 141 146 151 161 10 93 84 73
33 53 52 5 8 37 42 47 57 10 62 56 49
34 65 55 0 9 117 122 127 137 10 60 54 47
35 63 65 8 6 143 148 153 163 10 130 118 102
36 2 60 5 0 41 46 51 61 10 93 84 73
37 20 20 0 1 134 139 144 154 10 85 77 67
38 5 5 13 2 83 88 93 103 10 270 245 212
39 60 12 3 27 44 49 54 64 10 203 185 160
40 40 25 8 3 85 90 95 105 10 118 107 93
41 42 7 5 3 97 102 107 117 10 204 185 160
42 24 12 1 3 31 36 41 51 10 195 177 153
43 23 3 5 3 132 137 142 152 10 237 215 186
44 11 14 17 12 69 74 79 89 10 219 199 172
45 6 38 16 11 32 37 42 52 10 171 155 134
46 2 48 0 1 117 122 127 137 10 90 82 70
47 8 56 14 19 51 56 61 71 10 154 140 121
48 13 52 3 20 165 170 175 185 10 128 116 100
49 6 68 3 30 108 113 118 128 10 182 165 143
50 47 47 12 0 124 129 134 144 10 18 16 14
51 49 58 8 2 88 93 98 108 10 57 51 44
52 27 43 9 8 52 57 62 72 10 70 63 55
53 37 31 4 7 95 100 105 115 10 91 82 71
54 57 29 0 16 140 145 150 160 10 64 58 50
55 63 23 0 1 136 141 146 156 10 84 76 66
56 53 12 6 0 130 135 140 150 10 95 86 74
57 32 12 1 0 101 106 111 121 10 92 83 72
58 36 26 4 14 200 205 210 220 10 115 104 90
59 21 24 0 9 18 23 28 38 10 76 69 60
60 17 34 3 3 162 167 172 182 10 133 120 104
61 12 24 12 13 76 81 86 96 10 181 164 142
62 24 58 1 11 58 63 68 78 10 84 77 66
63 27 69 1 0 34 39 44 54 10 54 49 42
64 15 77 9 0 73 78 83 93 10 87 79 68
65 62 77 10 0 51 56 61 71 10 82 75 64
66 49 73 2 6 127 132 137 147 10 117 106 92
67 67 5 6 2 83 88 93 103 10 249 226 195
68 56 39 7 10 142 147 152 162 10 92 83 72
69 37 47 1 0 50 55 60 70 10 10 9 7
70 37 56 0 4 182 187 192 202 10 15 14 12
71 57 68 3 1 77 82 87 97 10 117 106 92
72 47 16 6 20 35 40 45 55 10 164 149 129
73 44 17 3 6 78 83 88 98 10 157 143 123
74 46 13 0 1 149 154 159 169 10 89 80 69
75 49 11 14 12 69 74 79 89 10 190 172 149
76 49 42 9 5 73 78 83 93 10 57 51 44
77 53 43 9 14 179 184 189 199 10 70 63 55
78 61 52 0 1 96 101 106 116 10 50 45 39
79 57 48 22 4 92 97 102 112 10 81 73 63
80 56 37 0 5 182 187 192 202 10 48 44 38
81 55 54 26 11 94 99 104 114 10 73 66 57
82 15 47 2 4 55 60 65 75 10 119 108 93
83 14 37 10 0 44 49 54 64 10 69 62 54
84 11 31 4 4 101 106 111 121 10 164 149 129
85 16 22 40 22 91 96 101 111 10 175 159 137
86 4 18 16 27 94 99 104 114 10 228 207 179
87 28 18 12 1 93 98 103 113 10 162 147 127
88 26 52 1 0 74 79 84 94 10 33 30 26
89 26 35 3 7 176 181 186 196 10 97 88 76
90 31 67 0 1 95 100 105 115 10 45 41 35
91 15 19 1 0 160 165 170 180 10 94 85 74
92 22 22 1 0 18 23 28 38 10 79 71 62
93 18 24 4 9 188 193 198 208 10 161 146 126
94 26 27 1 8 100 105 110 120 10 127 116 100
95 25 24 1 12 39 44 49 59 10 142 129 111
96 22 27 10 10 135 140 145 155 10 138 125 108
97 25 21 0 9 133 138 143 153 10 77 70 60
98 19 21 8 0 58 63 68 78 10 85 77 66
99 20 26 2 0 83 88 93 103 10 74 67 58
100 18 18 17 2 185 190 195 205 10 184 167 144
0 35 35 0 0 0 230 230 230 0 0 0 0
