customer xCoord yCoord demandWasteType1 demandWasteType2 readyTime dueDateNarrow dueDate dueDateWide service bidNarrow bid bidWide
0 40 50 0 0 0 240 240 240 0 0 0 0
1 25 85 14 9 0 95 191 382 10 175 154 137
2 22 75 17 13 0 99 199 398 10 141 125 111
3 22 85 8 6 0 95 190 380 10 180 159 142
4 20 80 28 36 141 156 171 201 10 165 146 130
5 20 85 0 5 0 94 189 378 10 92 81 72
6 18 75 14 0 95 110 125 155 10 76 67 60
7 15 75 16 0 0 97 194 388 10 81 71 63
8 15 80 10 4 91 106 121 151 10 179 158 141
9 10 35 2 18 91 106 121 151 10 154 136 121
10 10 40 0 25 119 134 149 179 10 72 64 57
11 8 40 39 40 59 74 89 119 10 154 136 121
12 8 45 13 4 0 98 197 394 10 148 131 116
13 5 35 4 9 142 157 172 202 10 175 154 137
14 5 45 7 1 0 97 194 388 10 162 143 127
15 2 40 0 3 58 73 88 118 10 90 79 70
16 0 40 7 11 0 94 188 376 10 189 167 148
17 0 45 18 3 149 164 179 209 10 185 163 145
18 44 5 15 8 0 92 184 368 10 207 183 163
19 42 10 14 32 0 94 189 378 10 184 162 144
20 42 15 9 2 0 97 194 388 10 161 142 126
21 40 5 9 5 0 92 185 370 10 206 182 162
22 40 15 0 22 92 107 122 152 10 80 71 63
23 38 5 29 27 65 80 95 125 10 207 182 162
24 38 15 3 7 0 97 194 388 10 161 142 126
25 35 5 0 16 154 169 184 214 10 104 91 81
26 95 30 14 0 0 85 171 342 10 134 118 105
27 95 35 5 19 62 77 92 122 10 262 231 205
28 92 30 4 2 0 87 174 348 10 256 226 201
29 90 35 0 9 0 88 177 354 10 119 105 94
30 88 30 10 10 74 89 104 134 10 239 211 187
31 88 35 1 12 0 89 179 358 10 231 204 181
32 87 30 2 9 0 89 178 356 10 234 207 184
33 85 25 0 2 51 66 81 111 10 118 104 92
34 85 35 29 27 0 91 182 364 10 218 192 171
35 67 85 15 2 139 154 169 199 10 203 179 159
36 65 85 6 5 43 58 73 103 10 197 174 155
37 65 82 1 2 0 94 189 378 10 186 164 146
38 62 80 20 15 75 90 105 135 10 171 151 134
39 60 80 0 1 37 52 67 97 10 82 73 65
40 60 85 21 28 85 100 115 145 10 185 163 145
41 58 75 12 6 92 107 122 152 10 141 125 111
42 55 80 9 5 33 48 63 93 10 154 136 121
43 55 85 14 19 0 95 191 382 10 175 154 137
44 55 82 5 3 64 79 94 124 10 162 143 127
45 20 82 5 6 37 52 67 97 10 173 153 136
46 18 80 3 7 0 96 192 384 10 171 151 134
47 2 45 2 6 0 95 191 382 10 176 155 138
48 42 5 0 6 0 92 184 368 10 103 91 81
49 42 12 3 9 104 119 134 164 10 174 154 137
50 72 35 13 3 0 97 194 388 10 162 143 127
51 55 20 10 7 0 98 196 392 10 154 136 121
52 25 30 1 0 0 102 205 410 10 57 50 45
53 20 50 0 2 91 106 121 151 10 45 40 36
54 55 60 2 13 0 105 211 422 10 82 73 65
55 30 60 16 8 140 155 170 200 10 65 57 51
56 50 35 3 18 130 145 160 190 10 82 73 65
57 30 25 5 22 0 101 203 406 10 123 109 97
58 15 10 7 0 152 167 182 212 10 108 95 85
59 10 20 9 16 0 93 187 374 10 195 172 153
60 15 60 5 4 0 101 203 406 10 123 109 97
61 45 65 7 6 0 107 214 428 10 72 64 57
62 65 35 1 0 52 67 82 112 10 67 59 52
63 65 20 4 0 0 95 190 380 10 89 79 70
64 45 30 14 17 53 68 83 113 10 94 83 74
65 35 40 10 15 11 26 41 71 10 51 45 40
66 41 37 14 10 133 148 163 193 10 59 52 47
67 64 42 7 2 70 85 100 130 10 116 102 91
68 40 60 0 3 144 159 174 204 10 22 20 18
69 31 52 0 14 41 56 71 101 10 21 18 16
70 35 69 8 7 180 195 210 240 10 90 79 70
71 65 55 13 2 0 102 204 408 10 117 103 92
72 63 65 6 2 0 101 202 404 10 126 111 99
73 2 60 0 1 0 95 190 380 10 90 79 70
74 20 20 7 7 141 156 171 201 10 165 146 130
75 5 5 3 11 0 86 172 344 10 262 231 205
76 60 12 23 20 75 90 105 135 10 197 174 155
77 23 3 0 5 150 165 180 210 10 114 101 90
78 8 56 11 0 90 105 120 150 10 74 66 58
79 6 68 0 15 89 104 119 149 10 88 78 69
80 47 47 0 4 192 207 222 252 10 17 15 13
81 49 58 6 2 0 108 217 434 10 55 48 43
82 27 43 5 8 0 107 215 430 10 67 59 53
83 37 31 12 10 0 105 210 420 10 88 78 69
84 57 29 0 4 96 111 126 156 10 62 54 48
85 63 23 2 2 0 97 194 388 10 163 143 128
86 21 24 28 16 0 98 197 394 10 148 130 116
87 12 24 9 4 90 105 120 150 10 175 155 138
88 24 58 19 1 67 82 97 127 10 82 72 64
89 67 5 21 0 0 88 177 354 10 120 106 94
90 37 47 1 1 0 112 225 450 10 19 17 15
91 49 42 13 12 0 108 217 434 10 55 48 43
92 53 43 5 8 14 29 44 74 10 67 59 53
93 61 52 1 3 178 193 208 238 10 96 85 76
94 57 48 15 17 0 106 212 424 10 78 69 61
95 56 37 0 2 0 104 209 418 10 47 41 37
96 55 54 13 12 0 107 214 428 10 71 63 56
97 4 18 32 21 0 90 181 362 10 221 195 173
98 26 52 7 5 0 107 215 430 10 65 57 51
99 26 35 15 0 77 92 107 137 10 47 41 37
100 31 67 1 0 180 195 210 240 10 44 39 34
0 40 50 0 0 0 240 240 240 0 0 0 0
