customer xCoord yCoord demandWasteType1 demandWasteType2 readyTime dueDateNarrow dueDate dueDateWide service bidNarrow bid bidWide
0 40 50 0 0 0 240 240 240 0 0 0 0
1 25 85 15 0 0 95 191 382 10 89 77 71
2 22 75 30 22 0 99 199 398 10 144 124 115
3 22 85 7 0 0 95 190 380 10 92 79 73
4 20 80 19 23 141 156 171 201 10 169 146 135
5 20 85 6 6 0 94 189 378 10 189 163 151
6 18 75 14 17 95 110 125 155 10 156 134 124
7 15 75 9 8 0 97 194 388 10 166 143 132
8 15 80 0 1 91 106 121 151 10 91 79 73
9 10 35 11 14 91 106 121 151 10 157 135 125
10 10 40 14 0 119 134 149 179 10 74 64 59
11 8 40 37 18 59 74 89 119 10 157 135 125
12 8 45 17 3 0 98 197 394 10 152 131 121
13 5 35 8 0 142 157 172 202 10 89 77 71
14 5 45 8 0 35 50 65 95 10 83 71 66
15 2 40 14 17 58 73 88 118 10 184 159 147
16 0 40 13 0 72 87 102 132 10 96 83 77
17 0 45 15 14 149 164 179 209 10 189 163 151
18 44 5 1 5 87 102 117 147 10 212 183 169
19 42 10 21 4 72 87 102 132 10 188 162 150
20 42 15 0 10 122 137 152 182 10 82 71 65
21 40 5 6 7 0 92 185 370 10 211 182 168
22 40 15 4 28 92 107 122 152 10 164 141 131
23 38 5 10 0 65 80 95 125 10 105 91 84
24 38 15 2 7 148 163 178 208 10 164 142 131
25 35 5 15 0 154 169 184 214 10 106 91 84
26 95 30 19 11 0 85 171 342 10 275 237 219
27 95 35 20 17 62 77 92 122 10 268 230 213
28 92 30 0 9 62 77 92 122 10 131 112 104
29 90 35 4 7 67 82 97 127 10 245 211 195
30 88 30 0 2 74 89 104 134 10 122 105 97
31 88 35 16 7 0 89 179 358 10 236 203 188
32 87 30 4 1 131 146 161 191 10 240 206 191
33 85 25 2 0 51 66 81 111 10 121 104 96
34 85 35 15 0 0 91 182 364 10 111 96 88
35 67 85 5 0 139 154 169 199 10 103 89 82
36 65 85 30 6 43 58 73 103 10 202 174 161
37 65 82 0 6 0 94 189 378 10 95 82 76
38 62 80 2 29 75 90 105 135 10 175 150 139
39 60 80 9 0 37 52 67 97 10 84 73 67
40 60 85 27 0 85 100 115 145 10 94 81 75
41 58 75 16 15 92 107 122 152 10 144 124 115
42 55 80 1 0 33 48 63 93 10 78 67 62
43 55 85 2 20 128 143 158 188 10 179 154 142
44 55 82 9 9 64 79 94 124 10 166 143 132
45 20 82 6 10 37 52 67 97 10 177 152 141
46 18 80 10 0 113 128 143 173 10 87 75 69
47 2 45 0 10 45 60 75 105 10 90 77 71
48 42 5 3 6 0 92 184 368 10 211 182 168
49 42 12 9 8 104 119 134 164 10 179 154 142
50 72 35 17 20 0 97 194 388 10 166 143 132
51 55 20 4 18 83 98 113 143 10 157 135 125
52 25 30 1 2 0 102 205 410 10 117 101 93
53 20 50 3 0 91 106 121 151 10 47 40 37
54 55 60 11 6 139 154 169 199 10 84 73 67
55 30 60 5 5 140 155 170 200 10 66 57 53
56 50 35 12 6 130 145 160 190 10 84 73 67
57 30 25 22 4 96 111 126 156 10 126 109 100
58 15 10 9 3 152 167 182 212 10 221 191 176
59 10 20 0 14 0 93 187 374 10 99 85 79
60 15 60 0 13 155 170 185 215 10 63 54 50
61 45 65 6 3 66 81 96 126 10 74 64 59
62 65 35 1 0 52 67 82 112 10 68 59 54
63 65 20 5 4 39 54 69 99 10 183 158 146
64 45 30 1 8 53 68 83 113 10 96 83 77
65 35 40 12 1 11 26 41 71 10 52 45 41
66 41 37 7 0 133 148 163 193 10 30 26 24
67 64 42 3 2 70 85 100 130 10 119 102 94
68 40 60 3 0 144 159 174 204 10 23 20 18
69 31 52 12 27 41 56 71 101 10 43 37 34
70 35 69 5 0 180 195 210 240 10 46 39 36
71 65 55 14 0 65 80 95 125 10 59 51 47
72 63 65 8 0 0 101 202 404 10 64 55 51
73 2 60 0 5 77 92 107 137 10 92 79 73
74 20 20 3 8 141 156 171 201 10 169 146 135
75 5 5 8 6 0 86 172 344 10 268 230 213
76 60 12 17 24 75 90 105 135 10 202 173 161
77 23 3 0 7 150 165 180 210 10 117 101 93
78 8 56 13 8 90 105 120 150 10 153 131 122
79 6 68 15 0 89 104 119 149 10 90 77 72
80 47 47 7 2 192 207 222 252 10 35 30 28
81 49 58 6 9 86 101 116 146 10 56 48 45
82 27 43 1 6 0 107 215 430 10 69 59 55
83 37 31 3 10 0 105 210 420 10 90 77 72
84 57 29 4 15 96 111 126 156 10 127 109 101
85 63 23 1 2 0 97 194 388 10 166 143 132
86 21 24 26 17 87 102 117 147 10 151 130 120
87 12 24 0 9 90 105 120 150 10 89 77 71
88 24 58 0 2 67 82 97 127 10 42 36 33
89 67 5 0 24 144 159 174 204 10 123 106 98
90 37 47 0 3 86 101 116 146 10 9 8 7
91 49 42 7 0 0 108 217 434 10 28 24 22
92 53 43 0 7 14 29 44 74 10 34 29 27
93 61 52 0 3 178 193 208 238 10 49 42 39
94 57 48 1 15 0 106 212 424 10 80 69 64
95 56 37 6 0 0 104 209 418 10 48 41 38
96 55 54 12 19 0 107 214 428 10 73 62 58
97 4 18 4 31 120 135 150 180 10 226 195 180
98 26 52 4 1 0 107 215 430 10 66 57 53
99 26 35 1 11 77 92 107 137 10 96 83 76
100 31 67 1 3 180 195 210 240 10 90 77 72
0 40 50 0 0 0 240 240 240 0 0 0 0
