customer xCoord yCoord demandWasteType1 demandWasteType2 readyTime dueDateNarrow dueDate dueDateWide service bidNarrow bid bidWide
0 35 35 0 0 0 230 230 230 0 0 0 0
1 41 49 7 0 0 102 204 408 10 3 2 2
2 35 17 3 7 0 101 202 404 10 153 135 123
3 55 45 8 9 0 98 197 394 10 72 64 58
4 55 20 0 3 149 154 159 169 10 77 68 62
5 15 30 0 10 0 99 199 398 10 73 65 59
6 25 30 3 1 99 104 109 119 10 115 101 92
7 20 50 0 2 0 99 198 396 10 46 40 36
8 10 43 1 4 95 100 105 115 10 141 125 113
9 55 60 5 5 97 102 107 117 10 83 73 66
10 30 60 12 4 124 129 134 144 10 65 57 52
11 20 65 5 10 67 72 77 87 10 115 101 92
12 50 35 16 0 0 102 205 410 10 41 36 33
13 30 25 14 11 159 164 169 179 10 124 109 99
14 15 10 0 11 0 93 187 374 10 108 95 87
15 30 5 0 2 61 66 71 81 10 106 93 85
16 10 20 8 0 0 95 190 380 10 97 86 78
17 5 30 0 1 157 162 167 177 10 92 81 74
18 20 40 1 9 0 102 204 408 10 103 90 82
19 15 60 14 11 0 93 187 374 10 124 109 99
20 45 65 1 8 0 94 188 376 10 72 64 58
21 45 20 10 0 0 100 201 402 10 70 61 56
22 45 10 2 0 97 102 107 117 10 92 81 74
23 55 5 23 14 68 73 78 88 10 218 192 175
24 65 35 3 1 0 95 190 380 10 134 118 107
25 65 20 5 6 172 177 182 192 10 179 158 144
26 45 30 14 12 0 104 208 416 10 95 83 76
27 35 40 4 0 37 42 47 57 10 25 22 20
28 41 37 1 0 0 106 213 426 10 30 26 24
29 64 42 2 7 0 95 190 380 10 116 102 93
30 40 60 3 9 71 76 81 91 10 46 40 36
31 31 52 14 13 0 101 202 404 10 42 37 34
32 35 69 17 21 0 93 186 372 10 90 79 72
33 53 52 8 2 37 42 47 57 10 60 53 48
34 65 55 10 1 0 91 183 366 10 117 103 94
35 63 65 1 8 143 148 153 163 10 126 111 101
36 2 60 4 1 41 46 51 61 10 181 159 145
37 20 20 3 0 0 99 198 396 10 83 73 66
38 5 5 10 0 83 88 93 103 10 131 115 105
39 60 12 28 2 44 49 54 64 10 197 174 158
40 40 25 0 4 85 90 95 105 10 57 50 46
41 42 7 0 2 97 102 107 117 10 99 87 79
42 24 12 0 5 31 36 41 51 10 95 83 76
43 23 3 0 7 0 92 185 370 10 115 101 92
44 11 14 6 9 69 74 79 89 10 213 187 170
45 6 38 3 11 32 37 42 52 10 166 146 133
46 2 48 1 0 0 92 184 368 10 87 77 70
47 8 56 7 5 0 92 185 370 10 150 132 120
48 13 52 25 0 0 96 192 384 10 62 55 50
49 6 68 12 14 108 113 118 128 10 177 156 142
50 47 47 9 12 0 101 203 406 10 35 30 28
51 49 58 6 4 0 96 193 386 10 55 48 44
52 27 43 9 0 0 104 208 416 10 34 30 27
53 37 31 6 11 95 100 105 115 10 88 78 71
54 57 29 2 0 0 98 197 394 10 62 54 49
55 63 23 1 2 136 141 146 156 10 163 144 131
56 53 12 0 6 130 135 140 150 10 92 81 74
57 32 12 0 5 0 98 196 392 10 89 78 71
58 36 26 6 2 200 205 210 220 10 112 98 89
59 21 24 24 19 0 101 202 404 10 148 130 119
60 17 34 2 1 0 100 201 402 10 129 113 103
61 12 24 0 5 0 97 194 388 10 88 77 70
62 24 58 19 8 58 63 68 78 10 82 72 66
63 27 69 0 6 0 92 185 370 10 53 46 42
64 15 77 2 6 73 78 83 93 10 169 149 136
65 62 77 8 14 51 56 61 71 10 160 141 128
66 49 73 25 24 127 132 137 147 10 113 100 91
67 67 5 20 24 83 88 93 103 10 241 213 194
68 56 39 31 0 142 147 152 162 10 44 39 35
69 37 47 6 5 50 55 60 70 10 19 17 15
70 37 56 4 0 182 187 192 202 10 15 13 12
71 57 68 8 9 0 90 180 360 10 114 100 91
72 47 16 18 15 0 98 197 394 10 159 141 128
73 44 17 0 5 0 99 199 398 10 76 67 61
74 46 13 0 6 149 154 159 169 10 86 76 69
75 49 11 16 17 0 96 192 384 10 184 162 147
76 49 42 4 9 73 78 83 93 10 55 48 44
77 53 43 3 0 179 184 189 199 10 34 30 27
78 61 52 3 1 96 101 106 116 10 97 85 78
79 57 48 23 16 92 97 102 112 10 78 69 63
80 56 37 6 0 182 187 192 202 10 47 41 38
81 55 54 9 22 0 96 192 384 10 71 63 57
82 15 47 0 16 0 98 196 392 10 58 51 46
83 14 37 3 6 0 99 198 396 10 133 118 107
84 11 31 7 3 101 106 111 121 10 159 140 128
85 16 22 0 19 0 98 196 392 10 84 74 68
86 4 18 0 17 0 92 184 368 10 110 97 89
87 28 18 23 24 93 98 103 113 10 157 138 126
88 26 52 7 3 74 79 84 94 10 65 57 52
89 26 35 5 0 0 105 211 422 10 47 41 37
90 31 67 3 0 0 93 187 374 10 44 39 35
91 15 19 0 1 0 97 194 388 10 91 80 73
92 22 22 2 0 18 23 28 38 10 76 67 61
93 18 24 3 0 188 193 198 208 10 78 69 62
94 26 27 4 5 0 103 207 414 10 124 109 99
95 25 24 13 1 0 102 205 410 10 138 121 110
96 22 27 8 10 0 102 204 408 10 134 118 107
97 25 21 2 5 0 101 202 404 10 150 132 120
98 19 21 3 2 0 99 198 396 10 164 145 132
99 20 26 8 7 83 88 93 103 10 143 126 115
100 18 18 2 12 185 190 195 205 10 178 157 143
0 35 35 0 0 0 230 230 230 0 0 0 0
