customer xCoord yCoord demandWasteType1 demandWasteType2 readyTime dueDateNarrow dueDate dueDateWide service bidNarrow bid bidWide
0 35 35 0 0 0 230 230 230 0 0 0 0
1 41 49 6 10 0 102 204 408 10 6 6 5
2 35 17 2 7 0 101 202 404 10 155 144 123
3 55 45 0 13 0 98 197 394 10 36 34 29
4 55 20 0 7 149 154 159 169 10 77 72 61
5 15 30 0 21 0 99 199 398 10 74 69 59
6 25 30 0 2 99 104 109 119 10 58 54 46
7 20 50 1 4 0 99 198 396 10 92 86 73
8 10 43 2 9 95 100 105 115 10 143 133 113
9 55 60 8 1 97 102 107 117 10 83 78 66
10 30 60 0 4 124 129 134 144 10 32 30 26
11 20 65 0 7 67 72 77 87 10 58 54 46
12 50 35 8 10 0 102 205 410 10 83 78 66
13 30 25 22 17 159 164 169 179 10 125 116 99
14 15 10 3 1 32 37 42 52 10 219 204 174
15 30 5 0 8 61 66 71 81 10 107 99 85
16 10 20 8 0 75 80 85 95 10 98 91 78
17 5 30 1 2 157 162 167 177 10 187 174 148
18 20 40 6 7 87 92 97 107 10 103 96 82
19 15 60 15 3 76 81 86 96 10 125 116 99
20 45 65 5 3 126 131 136 146 10 73 68 58
21 45 20 1 3 0 100 201 402 10 141 131 112
22 45 10 14 4 97 102 107 117 10 187 174 148
23 55 5 2 0 68 73 78 88 10 110 102 87
24 65 35 3 2 153 158 163 173 10 135 126 107
25 65 20 4 3 172 177 182 192 10 181 169 144
26 45 30 10 5 0 104 208 416 10 95 89 76
27 35 40 14 8 37 42 47 57 10 51 48 41
28 41 37 16 9 39 44 49 59 10 60 56 48
29 64 42 8 9 63 68 73 83 10 117 109 93
30 40 60 10 0 71 76 81 91 10 23 21 18
31 31 52 25 20 0 101 202 404 10 42 39 34
32 35 69 3 20 141 146 151 161 10 91 85 72
33 53 52 9 4 37 42 47 57 10 61 56 48
34 65 55 7 10 0 91 183 366 10 118 110 94
35 63 65 8 7 143 148 153 163 10 127 118 101
36 2 60 5 0 41 46 51 61 10 91 85 72
37 20 20 6 8 0 99 198 396 10 167 156 133
38 5 5 0 15 83 88 93 103 10 132 123 105
39 60 12 11 20 44 49 54 64 10 199 186 158
40 40 25 1 2 85 90 95 105 10 116 108 92
41 42 7 2 1 97 102 107 117 10 199 186 158
42 24 12 4 5 31 36 41 51 10 191 178 152
43 23 3 2 1 132 137 142 152 10 232 216 184
44 11 14 12 4 69 74 79 89 10 214 200 170
45 6 38 12 0 32 37 42 52 10 83 78 66
46 2 48 1 0 117 122 127 137 10 88 82 70
47 8 56 18 12 51 56 61 71 10 151 141 120
48 13 52 32 6 0 96 192 384 10 125 117 99
49 6 68 18 7 108 113 118 128 10 178 166 141
50 47 47 3 12 0 101 203 406 10 35 32 28
51 49 58 8 7 88 93 98 108 10 55 52 44
52 27 43 0 6 0 104 208 416 10 34 31 27
53 37 31 0 6 95 100 105 115 10 44 41 35
54 57 29 17 0 140 145 150 160 10 62 58 49
55 63 23 1 2 136 141 146 156 10 164 153 130
56 53 12 1 0 130 135 140 150 10 93 86 74
57 32 12 5 1 101 106 111 121 10 180 168 143
58 36 26 16 9 200 205 210 220 10 113 105 89
59 21 24 8 13 0 101 202 404 10 149 139 118
60 17 34 1 2 162 167 172 182 10 130 121 103
61 12 24 3 13 76 81 86 96 10 177 165 140
62 24 58 0 1 58 63 68 78 10 41 38 32
63 27 69 7 3 34 39 44 54 10 106 99 84
64 15 77 4 2 73 78 83 93 10 170 159 135
65 62 77 15 12 51 56 61 71 10 161 150 128
66 49 73 9 11 127 132 137 147 10 114 106 91
67 67 5 17 1 83 88 93 103 10 243 227 193
68 56 39 0 33 142 147 152 162 10 45 42 35
69 37 47 6 3 50 55 60 70 10 19 18 15
70 37 56 5 2 182 187 192 202 10 31 29 24
71 57 68 3 0 77 82 87 97 10 57 53 45
72 47 16 12 11 0 98 197 394 10 161 150 128
73 44 17 0 5 78 83 88 98 10 77 71 61
74 46 13 8 3 149 154 159 169 10 174 162 138
75 49 11 17 4 0 96 192 384 10 185 173 147
76 49 42 0 3 73 78 83 93 10 27 26 22
77 53 43 7 11 179 184 189 199 10 68 63 54
78 61 52 0 3 96 101 106 116 10 49 45 38
79 57 48 21 9 92 97 102 112 10 79 74 63
80 56 37 3 4 182 187 192 202 10 95 89 76
81 55 54 11 7 94 99 104 114 10 72 67 57
82 15 47 5 1 0 98 196 392 10 116 109 92
83 14 37 0 5 0 99 198 396 10 67 62 53
84 11 31 6 5 101 106 111 121 10 161 150 127
85 16 22 31 35 0 98 196 392 10 171 159 136
86 4 18 16 0 94 99 104 114 10 111 104 88
87 28 18 13 0 93 98 103 113 10 79 74 63
88 26 52 2 1 74 79 84 94 10 65 61 52
89 26 35 5 4 176 181 186 196 10 95 88 75
90 31 67 3 1 95 100 105 115 10 89 83 70
91 15 19 0 1 0 97 194 388 10 92 86 73
92 22 22 1 0 18 23 28 38 10 77 72 61
93 18 24 17 4 188 193 198 208 10 158 147 125
94 26 27 6 25 0 103 207 414 10 125 116 99
95 25 24 4 4 0 102 205 410 10 139 130 110
96 22 27 7 4 0 102 204 408 10 135 126 107
97 25 21 0 4 133 138 143 153 10 75 70 60
98 19 21 2 3 0 99 198 396 10 166 155 132
99 20 26 4 8 83 88 93 103 10 145 135 115
100 18 18 0 11 185 190 195 205 10 90 84 71
0 35 35 0 0 0 230 230 230 0 0 0 0
