customer xCoord yCoord demandWasteType1 demandWasteType2 readyTime dueDateNarrow dueDate dueDateWide service bidNarrow bid bidWide
0 40 50 0 0 0 240 240 240 0 0 0 0
1 25 85 15 0 0 95 191 382 10 88 76 72
2 22 75 30 22 0 99 199 398 10 215 186 176
3 22 85 7 0 0 95 190 380 10 91 79 75
4 20 80 19 23 141 156 171 201 10 252 218 206
5 20 85 6 6 0 94 189 378 10 282 244 230
6 18 75 14 17 95 110 125 155 10 233 201 190
7 15 75 9 8 0 97 194 388 10 247 214 202
8 15 80 1 0 91 106 121 151 10 91 78 74
9 10 35 11 14 91 106 121 151 10 235 203 191
10 10 40 14 0 119 134 149 179 10 73 63 60
11 8 40 37 18 59 74 89 119 10 235 203 191
12 8 45 17 3 0 98 197 394 10 227 196 185
13 5 35 8 0 142 157 172 202 10 88 76 72
14 5 45 8 0 35 50 65 95 10 82 71 67
15 2 40 14 17 58 73 88 118 10 275 238 224
16 0 40 13 0 72 87 102 132 10 96 83 78
17 0 45 15 14 149 164 179 209 10 282 244 230
18 44 5 1 5 87 102 117 147 10 316 273 258
19 42 10 21 4 72 87 102 132 10 280 242 229
20 42 15 0 10 122 137 152 182 10 122 106 100
21 40 5 6 7 0 92 185 370 10 315 272 257
22 40 15 4 28 92 107 122 152 10 245 212 200
23 38 5 0 10 65 80 95 125 10 157 136 128
24 38 15 2 7 148 163 178 208 10 245 212 200
25 35 5 15 0 154 169 184 214 10 105 91 86
26 95 30 19 11 0 85 171 342 10 410 354 334
27 95 35 20 17 62 77 92 122 10 399 345 325
28 92 30 0 9 62 77 92 122 10 195 168 159
29 90 35 4 7 67 82 97 127 10 365 316 298
30 88 30 0 2 74 89 104 134 10 182 157 148
31 88 35 16 7 0 89 179 358 10 352 304 287
32 87 30 4 1 131 146 161 191 10 358 309 292
33 85 25 2 0 51 66 81 111 10 120 103 98
34 85 35 15 0 0 91 182 364 10 110 95 90
35 67 85 5 0 139 154 169 199 10 103 89 84
36 65 85 30 6 43 58 73 103 10 301 260 245
37 65 82 0 6 0 94 189 378 10 142 123 116
38 62 80 2 29 75 90 105 135 10 260 225 212
39 60 80 9 0 37 52 67 97 10 84 72 68
40 60 85 27 0 85 100 115 145 10 94 81 76
41 58 75 16 15 92 107 122 152 10 215 186 176
42 55 80 1 0 33 48 63 93 10 78 67 63
43 55 85 2 20 128 143 158 188 10 266 230 217
44 55 82 9 9 64 79 94 124 10 247 214 202
45 20 82 6 10 37 52 67 97 10 264 228 215
46 18 80 10 0 113 128 143 173 10 86 75 70
47 2 45 0 10 45 60 75 105 10 134 116 109
48 42 5 3 6 0 92 184 368 10 315 272 257
49 42 12 9 8 104 119 134 164 10 266 230 217
50 72 35 17 20 0 97 194 388 10 247 214 202
51 55 20 4 18 83 98 113 143 10 235 203 191
52 25 30 1 2 0 102 205 410 10 175 151 142
53 20 50 3 0 91 106 121 151 10 46 40 38
54 55 60 11 6 139 154 169 199 10 126 109 103
55 30 60 5 5 140 155 170 200 10 99 85 80
56 50 35 12 6 130 145 160 190 10 126 109 103
57 30 25 22 4 96 111 126 156 10 188 163 153
58 15 10 9 3 152 167 182 212 10 330 285 269
59 10 20 0 14 0 93 187 374 10 148 128 121
60 15 60 0 13 155 170 185 215 10 94 81 76
61 45 65 6 3 66 81 96 126 10 110 95 90
62 65 35 1 0 52 67 82 112 10 68 58 55
63 65 20 5 4 39 54 69 99 10 273 236 223
64 45 30 1 8 53 68 83 113 10 144 124 117
65 35 40 12 1 11 26 41 71 10 78 67 63
66 41 37 7 0 133 148 163 193 10 30 26 24
67 64 42 3 2 70 85 100 130 10 177 153 144
68 40 60 3 0 144 159 174 204 10 23 20 19
69 31 52 12 27 41 56 71 101 10 64 55 52
70 35 69 5 0 180 195 210 240 10 45 39 37
71 65 55 14 0 65 80 95 125 10 59 51 48
72 63 65 8 0 0 101 202 404 10 64 55 52
73 2 60 0 5 77 92 107 137 10 137 119 112
74 20 20 3 8 141 156 171 201 10 252 218 206
75 5 5 8 6 0 86 172 344 10 399 345 325
76 60 12 17 24 75 90 105 135 10 301 260 245
77 23 3 0 7 150 165 180 210 10 175 151 142
78 8 56 13 8 90 105 120 150 10 228 197 186
79 6 68 15 0 89 104 119 149 10 89 77 73
80 47 47 7 2 192 207 222 252 10 53 46 43
81 49 58 6 9 86 101 116 146 10 84 72 68
82 27 43 1 6 0 107 215 430 10 103 89 84
83 37 31 3 10 0 105 210 420 10 134 116 109
84 57 29 4 15 96 111 126 156 10 189 163 154
85 63 23 1 2 0 97 194 388 10 248 214 202
86 21 24 26 17 87 102 117 147 10 225 195 184
87 12 24 0 9 90 105 120 150 10 133 115 109
88 24 58 0 2 67 82 97 127 10 62 54 51
89 67 5 0 24 144 159 174 204 10 183 159 150
90 37 47 0 3 86 101 116 146 10 14 12 12
91 49 42 7 0 0 108 217 434 10 28 24 22
92 53 43 0 7 14 29 44 74 10 51 44 42
93 61 52 0 3 178 193 208 238 10 73 63 60
94 57 48 1 15 0 106 212 424 10 120 103 97
95 56 37 6 0 0 104 209 418 10 48 41 39
96 55 54 12 19 0 107 214 428 10 108 94 88
97 4 18 4 31 120 135 150 180 10 337 291 275
98 26 52 4 1 0 107 215 430 10 99 85 80
99 26 35 1 11 77 92 107 137 10 143 124 117
100 31 67 1 3 180 195 210 240 10 134 116 109
0 40 50 0 0 0 240 240 240 0 0 0 0
