customer xCoord yCoord demandWasteType1 demandWasteType2 readyTime dueDateNarrow dueDate dueDateWide service bidNarrow bid bidWide
0 35 35 0 0 0 230 230 230 0 0 0 0
1 41 49 6 10 0 102 204 408 10 9 8 8
2 35 17 2 7 0 101 202 404 10 233 201 192
3 55 45 0 13 0 98 197 394 10 55 47 45
4 55 20 0 7 149 154 159 169 10 117 101 96
5 15 30 0 21 0 99 199 398 10 112 96 92
6 25 30 0 2 99 104 109 119 10 87 75 72
7 20 50 1 4 0 99 198 396 10 140 120 115
8 10 43 2 9 95 100 105 115 10 215 186 177
9 55 60 8 1 97 102 107 117 10 126 108 103
10 30 60 0 4 124 129 134 144 10 49 42 40
11 20 65 0 7 67 72 77 87 10 87 75 72
12 50 35 8 10 0 102 205 410 10 126 108 103
13 30 25 22 17 159 164 169 179 10 188 162 155
14 15 10 3 1 32 37 42 52 10 330 284 271
15 30 5 0 8 61 66 71 81 10 161 139 132
16 10 20 8 0 75 80 85 95 10 99 85 81
17 5 30 1 2 157 162 167 177 10 282 243 232
18 20 40 6 7 87 92 97 107 10 156 135 128
19 15 60 15 3 76 81 86 96 10 188 162 155
20 45 65 5 3 126 131 136 146 10 110 95 91
21 45 20 1 3 0 100 201 402 10 213 183 175
22 45 10 14 4 97 102 107 117 10 282 243 232
23 55 5 2 0 68 73 78 88 10 110 95 91
24 65 35 3 2 153 158 163 173 10 204 176 167
25 65 20 4 3 172 177 182 192 10 273 235 225
26 45 30 10 5 0 104 208 416 10 144 124 118
27 35 40 14 8 37 42 47 57 10 78 67 64
28 41 37 16 9 39 44 49 59 10 91 78 75
29 64 42 8 9 63 68 73 83 10 177 152 145
30 40 60 10 0 71 76 81 91 10 23 20 19
31 31 52 25 20 0 101 202 404 10 64 55 53
32 35 69 3 20 141 146 151 161 10 137 118 113
33 53 52 9 4 37 42 47 57 10 92 79 75
34 65 55 7 10 0 91 183 366 10 178 154 146
35 63 65 8 7 143 148 153 163 10 192 165 158
36 2 60 5 0 41 46 51 61 10 91 79 75
37 20 20 6 8 0 99 198 396 10 252 217 207
38 5 5 15 0 83 88 93 103 10 133 114 109
39 60 12 11 20 44 49 54 64 10 300 259 247
40 40 25 1 2 85 90 95 105 10 175 151 144
41 42 7 2 1 97 102 107 117 10 301 260 248
42 24 12 4 5 31 36 41 51 10 288 249 237
43 23 3 2 1 132 137 142 152 10 350 301 287
44 11 14 12 4 69 74 79 89 10 324 279 266
45 6 38 12 0 32 37 42 52 10 84 72 69
46 2 48 1 0 117 122 127 137 10 88 76 73
47 8 56 18 12 51 56 61 71 10 228 196 187
48 13 52 32 6 0 96 192 384 10 189 163 155
49 6 68 18 7 108 113 118 128 10 269 232 221
50 47 47 3 12 0 101 203 406 10 53 46 43
51 49 58 8 7 88 93 98 108 10 84 72 69
52 27 43 0 6 0 104 208 416 10 51 44 42
53 37 31 0 6 95 100 105 115 10 67 58 55
54 57 29 17 0 140 145 150 160 10 63 54 51
55 63 23 1 2 136 141 146 156 10 248 214 204
56 53 12 1 0 130 135 140 150 10 93 80 77
57 32 12 5 1 101 106 111 121 10 272 234 223
58 36 26 16 9 200 205 210 220 10 170 146 140
59 21 24 8 13 0 101 202 404 10 225 194 185
60 17 34 1 2 162 167 172 182 10 196 169 161
61 12 24 3 13 76 81 86 96 10 267 230 220
62 24 58 0 1 58 63 68 78 10 62 54 51
63 27 69 7 3 34 39 44 54 10 161 139 132
64 15 77 4 2 73 78 83 93 10 257 222 212
65 62 77 15 12 51 56 61 71 10 244 210 200
66 49 73 9 11 127 132 137 147 10 173 149 142
67 67 5 17 1 83 88 93 103 10 367 317 302
68 56 39 0 33 142 147 152 162 10 68 58 55
69 37 47 6 3 50 55 60 70 10 29 25 24
70 37 56 5 2 182 187 192 202 10 47 40 38
71 57 68 3 0 77 82 87 97 10 57 49 47
72 47 16 12 11 0 98 197 394 10 243 209 200
73 44 17 0 5 78 83 88 98 10 116 100 95
74 46 13 8 3 149 154 159 169 10 262 226 215
75 49 11 17 4 0 96 192 384 10 280 241 230
76 49 42 0 3 73 78 83 93 10 42 36 34
77 53 43 7 11 179 184 189 199 10 103 89 85
78 61 52 0 3 96 101 106 116 10 73 63 60
79 57 48 21 9 92 97 102 112 10 119 103 98
80 56 37 3 4 182 187 192 202 10 144 124 118
81 55 54 11 7 94 99 104 114 10 108 93 89
82 15 47 5 1 0 98 196 392 10 176 152 145
83 14 37 0 5 0 99 198 396 10 101 87 83
84 11 31 6 5 101 106 111 121 10 242 209 199
85 16 22 31 35 0 98 196 392 10 258 222 212
86 4 18 16 0 94 99 104 114 10 112 96 92
87 28 18 13 0 93 98 103 113 10 79 68 65
88 26 52 2 1 74 79 84 94 10 99 85 81
89 26 35 5 4 176 181 186 196 10 143 123 118
90 31 67 3 1 95 100 105 115 10 134 116 110
91 15 19 0 1 0 97 194 388 10 139 120 114
92 22 22 1 0 18 23 28 38 10 77 67 63
93 18 24 17 4 188 193 198 208 10 238 205 196
94 26 27 6 25 0 103 207 414 10 188 162 155
95 25 24 4 4 0 102 205 410 10 210 181 172
96 22 27 7 4 0 102 204 408 10 204 176 168
97 25 21 0 4 133 138 143 153 10 114 98 94
98 19 21 2 3 0 99 198 396 10 250 216 206
99 20 26 4 8 83 88 93 103 10 218 188 180
100 18 18 0 11 185 190 195 205 10 136 117 111
0 35 35 0 0 0 230 230 230 0 0 0 0
