customer xCoord yCoord demandWasteType1 demandWasteType2 readyTime dueDateNarrow dueDate dueDateWide service bidNarrow bid bidWide
0 40 50 0 0 0 240 240 240 0 0 0 0
1 25 85 14 9 0 95 191 382 10 259 237 211
2 22 75 17 13 0 99 199 398 10 210 192 170
3 22 85 8 6 0 95 190 380 10 268 245 218
4 20 80 28 36 141 156 171 201 10 246 225 199
5 20 85 0 5 0 94 189 378 10 137 125 111
6 18 75 14 0 95 110 125 155 10 75 69 61
7 15 75 16 0 0 97 194 388 10 80 73 65
8 15 80 10 4 91 106 121 151 10 266 243 216
9 10 35 2 18 91 106 121 151 10 228 209 185
10 10 40 0 25 119 134 149 179 10 107 98 87
11 8 40 39 40 59 74 89 119 10 228 209 185
12 8 45 13 4 0 98 197 394 10 221 202 179
13 5 35 4 9 142 157 172 202 10 259 237 211
14 5 45 7 1 0 97 194 388 10 241 220 195
15 2 40 0 3 58 73 88 118 10 134 122 108
16 0 40 7 11 0 94 188 376 10 281 257 228
17 0 45 18 3 149 164 179 209 10 275 251 223
18 44 5 15 8 0 92 184 368 10 308 281 250
19 42 10 14 32 0 94 189 378 10 273 249 221
20 42 15 9 2 0 97 194 388 10 239 218 194
21 40 5 9 5 0 92 185 370 10 307 280 249
22 40 15 0 22 92 107 122 152 10 119 109 96
23 38 5 29 27 65 80 95 125 10 307 281 249
24 38 15 3 7 0 97 194 388 10 239 218 194
25 35 5 0 16 154 169 184 214 10 154 141 125
26 95 30 14 0 0 85 171 342 10 133 121 108
27 95 35 5 19 62 77 92 122 10 389 355 315
28 92 30 4 2 0 87 174 348 10 380 347 308
29 90 35 0 9 0 88 177 354 10 178 162 144
30 88 30 10 10 74 89 104 134 10 354 324 288
31 88 35 1 12 0 89 179 358 10 343 313 278
32 87 30 2 9 0 89 178 356 10 348 318 283
33 85 25 0 2 51 66 81 111 10 175 160 142
34 85 35 29 27 0 91 182 364 10 323 296 262
35 67 85 15 2 139 154 169 199 10 301 275 244
36 65 85 6 5 43 58 73 103 10 293 268 238
37 65 82 1 2 0 94 189 378 10 277 253 225
38 62 80 20 15 75 90 105 135 10 253 232 206
39 60 80 0 1 37 52 67 97 10 123 112 99
40 60 85 21 28 85 100 115 145 10 275 251 223
41 58 75 12 6 92 107 122 152 10 210 192 170
42 55 80 9 5 33 48 63 93 10 228 209 185
43 55 85 14 19 0 95 191 382 10 259 237 211
44 55 82 5 3 64 79 94 124 10 241 220 195
45 20 82 5 6 37 52 67 97 10 257 235 209
46 18 80 3 7 0 96 192 384 10 253 232 206
47 2 45 2 6 0 95 191 382 10 261 239 212
48 42 5 0 6 0 92 184 368 10 153 140 124
49 42 12 3 9 104 119 134 164 10 259 237 210
50 72 35 13 3 0 97 194 388 10 241 220 195
51 55 20 10 7 0 98 196 392 10 228 209 185
52 25 30 0 1 0 102 205 410 10 85 78 69
53 20 50 0 2 91 106 121 151 10 68 62 55
54 55 60 2 13 0 105 211 422 10 123 112 99
55 30 60 16 8 140 155 170 200 10 96 88 78
56 50 35 3 18 130 145 160 190 10 123 112 99
57 30 25 5 22 0 101 203 406 10 183 168 149
58 15 10 7 0 152 167 182 212 10 107 98 87
59 10 20 9 16 0 93 187 374 10 289 264 235
60 15 60 5 4 0 101 203 406 10 183 168 149
61 45 65 7 6 0 107 214 428 10 107 98 87
62 65 35 1 0 52 67 82 112 10 66 60 53
63 65 20 4 0 0 95 190 380 10 88 81 72
64 45 30 14 17 53 68 83 113 10 140 128 114
65 35 40 10 15 11 26 41 71 10 76 69 61
66 41 37 14 10 133 148 163 193 10 88 81 72
67 64 42 7 2 70 85 100 130 10 172 157 140
68 40 60 0 3 144 159 174 204 10 34 31 27
69 31 52 0 14 41 56 71 101 10 31 28 25
70 35 69 8 7 180 195 210 240 10 134 122 108
71 65 55 13 2 0 102 204 408 10 173 159 141
72 63 65 6 2 0 101 202 404 10 187 171 152
73 2 60 1 0 0 95 190 380 10 89 81 72
74 20 20 7 7 141 156 171 201 10 246 225 199
75 5 5 3 11 0 86 172 344 10 389 355 315
76 60 12 23 20 75 90 105 135 10 293 268 237
77 23 3 0 5 150 165 180 210 10 170 155 138
78 8 56 11 0 90 105 120 150 10 74 67 60
79 6 68 0 15 89 104 119 149 10 131 120 106
80 47 47 0 4 192 207 222 252 10 25 23 21
81 49 58 6 2 0 108 217 434 10 82 75 66
82 27 43 5 8 0 107 215 430 10 100 92 81
83 37 31 12 10 0 105 210 420 10 131 120 106
84 57 29 0 4 96 111 126 156 10 92 84 74
85 63 23 2 2 0 97 194 388 10 242 221 196
86 21 24 28 16 0 98 197 394 10 219 201 178
87 12 24 9 4 90 105 120 150 10 260 238 211
88 24 58 19 1 67 82 97 127 10 122 111 99
89 67 5 21 0 0 88 177 354 10 119 109 96
90 37 47 1 1 0 112 225 450 10 28 26 23
91 49 42 13 12 0 108 217 434 10 82 75 66
92 53 43 5 8 14 29 44 74 10 100 92 81
93 61 52 1 3 178 193 208 238 10 143 131 116
94 57 48 15 17 0 106 212 424 10 116 106 94
95 56 37 0 2 0 104 209 418 10 70 64 57
96 55 54 13 12 0 107 214 428 10 105 96 86
97 4 18 32 21 0 90 181 362 10 328 300 266
98 26 52 7 5 0 107 215 430 10 96 88 78
99 26 35 15 0 77 92 107 137 10 46 42 37
100 31 67 0 1 180 195 210 240 10 65 60 53
0 40 50 0 0 0 240 240 240 0 0 0 0
