customer xCoord yCoord demandWasteType1 demandWasteType2 readyTime dueDateNarrow dueDate dueDateWide service bidNarrow bid bidWide
0 40 50 0 0 0 240 240 240 0 0 0 0
1 25 85 0 16 145 160 175 205 10 130 123 112
2 22 75 28 0 50 65 80 110 10 70 66 60
3 22 85 6 6 109 124 139 169 10 270 254 232
4 20 80 0 38 141 156 171 201 10 123 116 106
5 20 85 1 4 41 56 71 101 10 277 260 238
6 18 75 17 2 95 110 125 155 10 228 215 196
7 15 75 9 13 79 94 109 139 10 242 228 209
8 15 80 1 2 91 106 121 151 10 268 252 230
9 10 35 7 0 91 106 121 151 10 76 72 66
10 10 40 18 0 119 134 149 179 10 72 68 62
11 8 40 11 18 59 74 89 119 10 230 217 198
12 8 45 0 15 64 79 94 124 10 111 104 95
13 5 35 8 8 142 157 172 202 10 261 246 225
14 5 45 2 8 35 50 65 95 10 242 228 209
15 2 40 0 2 58 73 88 118 10 135 127 116
16 0 40 2 4 72 87 102 132 10 283 266 243
17 0 45 0 13 149 164 179 209 10 138 130 119
18 44 5 0 16 87 102 117 147 10 155 146 133
19 42 10 36 16 72 87 102 132 10 275 259 236
20 42 15 0 7 122 137 152 182 10 120 113 103
21 40 5 0 8 67 82 97 127 10 154 145 133
22 40 15 34 23 92 107 122 152 10 240 226 206
23 38 5 0 26 65 80 95 125 10 154 145 133
24 38 15 2 0 148 163 178 208 10 80 75 69
25 35 5 13 19 154 169 184 214 10 311 293 267
26 95 30 22 14 115 130 145 175 10 402 378 346
27 95 35 6 2 62 77 92 122 10 391 369 337
28 92 30 7 3 62 77 92 122 10 382 360 329
29 90 35 2 6 67 82 97 127 10 358 337 308
30 88 30 1 2 74 89 104 134 10 357 336 307
31 88 35 16 3 61 76 91 121 10 345 325 297
32 87 30 10 3 131 146 161 191 10 350 330 302
33 85 25 4 5 51 66 81 111 10 353 333 304
34 85 35 1 7 111 126 141 171 10 325 307 280
35 67 85 14 12 139 154 169 199 10 303 286 261
36 65 85 0 12 43 58 73 103 10 147 139 127
37 65 82 0 8 124 139 154 184 10 139 131 120
38 62 80 0 13 75 90 105 135 10 127 120 109
39 60 80 2 0 37 52 67 97 10 82 77 71
40 60 85 0 10 85 100 115 145 10 138 130 119
41 58 75 14 6 92 107 122 152 10 211 199 182
42 55 80 9 2 33 48 63 93 10 230 217 198
43 55 85 0 14 128 143 158 188 10 130 123 112
44 55 82 0 2 64 79 94 124 10 121 114 104
45 20 82 0 7 37 52 67 97 10 129 122 111
46 18 80 1 0 113 128 143 173 10 85 80 73
47 2 45 4 0 45 60 75 105 10 87 82 75
48 42 5 10 5 151 166 181 211 10 309 291 266
49 42 12 9 0 104 119 134 164 10 87 82 75
50 72 35 15 2 116 131 146 176 10 242 228 208
51 55 20 6 5 83 98 113 143 10 230 217 198
52 25 30 0 1 52 67 82 112 10 85 80 73
53 20 50 3 0 91 106 121 151 10 45 43 39
54 55 60 12 9 139 154 169 199 10 123 116 106
55 30 60 8 5 140 155 170 200 10 97 91 83
56 50 35 3 0 130 145 160 190 10 41 38 35
57 30 25 0 18 96 111 126 156 10 92 87 79
58 15 10 15 20 152 167 182 212 10 324 305 278
59 10 20 4 3 42 57 72 102 10 291 274 250
60 15 60 10 7 155 170 185 215 10 185 174 159
61 45 65 1 0 66 81 96 126 10 36 34 31
62 65 35 2 0 52 67 82 112 10 66 62 57
63 65 20 4 2 39 54 69 99 10 268 252 230
64 45 30 2 17 53 68 83 113 10 141 133 121
65 35 40 16 6 11 26 41 71 10 76 72 66
66 41 37 1 16 133 148 163 193 10 89 84 77
67 64 42 8 5 70 85 100 130 10 173 163 149
68 40 60 20 21 144 159 174 204 10 68 64 59
69 31 52 19 17 41 56 71 101 10 63 59 54
70 35 69 5 21 180 195 210 240 10 135 127 116
71 65 55 9 2 65 80 95 125 10 175 165 150
72 63 65 8 0 30 45 60 90 10 62 59 54
73 2 60 1 5 77 92 107 137 10 270 254 232
74 20 20 1 6 141 156 171 201 10 247 233 213
75 5 5 12 3 74 89 104 134 10 391 369 337
76 60 12 21 0 75 90 105 135 10 98 92 84
77 23 3 3 4 150 165 180 210 10 343 323 295
78 8 56 27 22 90 105 120 150 10 223 210 192
79 6 68 23 10 89 104 119 149 10 264 249 227
80 47 47 1 11 192 207 222 252 10 52 49 45
81 49 58 10 7 86 101 116 146 10 82 77 71
82 27 43 3 0 42 57 72 102 10 33 31 29
83 37 31 12 0 35 50 65 95 10 44 41 37
84 57 29 2 17 96 111 126 156 10 185 174 159
85 63 23 0 1 87 102 117 147 10 121 114 104
86 21 24 14 7 87 102 117 147 10 221 208 190
87 12 24 0 4 90 105 120 150 10 131 123 112
88 24 58 3 0 67 82 97 127 10 40 38 35
89 67 5 22 6 144 159 174 204 10 360 339 310
90 37 47 5 0 86 101 116 146 10 9 9 8
91 49 42 10 8 167 182 197 227 10 82 77 71
92 53 43 9 2 14 29 44 74 10 101 95 87
93 61 52 2 0 178 193 208 238 10 48 45 41
94 57 48 0 18 95 110 125 155 10 58 55 50
95 56 37 0 2 34 49 64 94 10 70 66 60
96 55 54 13 7 132 147 162 192 10 106 100 91
97 4 18 3 7 120 135 150 180 10 330 311 284
98 26 52 1 5 46 61 76 106 10 97 91 83
99 26 35 12 13 77 92 107 137 10 140 132 121
100 31 67 1 1 180 195 210 240 10 132 124 113
0 40 50 0 0 0 240 240 240 0 0 0 0
