customer xCoord yCoord demandWasteType1 demandWasteType2 readyTime dueDateNarrow dueDate dueDateWide service bidNarrow bid bidWide
0 35 35 0 0 0 230 230 230 0 0 0 0
1 41 49 7 0 0 102 204 408 10 3 2 2
2 35 17 3 7 0 101 202 404 10 220 205 183
3 55 45 8 9 0 98 197 394 10 104 97 87
4 55 20 3 0 149 154 159 169 10 73 68 61
5 15 30 0 10 0 99 199 398 10 105 98 88
6 25 30 3 1 99 104 109 119 10 165 154 137
7 20 50 0 2 0 99 198 396 10 66 61 55
8 10 43 1 4 95 100 105 115 10 203 189 169
9 55 60 5 5 97 102 107 117 10 119 111 99
10 30 60 12 4 124 129 134 144 10 93 87 77
11 20 65 5 10 67 72 77 87 10 165 154 137
12 50 35 16 0 0 102 205 410 10 39 37 33
13 30 25 14 11 159 164 169 179 10 178 166 148
14 15 10 0 11 0 93 187 374 10 156 145 129
15 30 5 0 2 61 66 71 81 10 152 142 126
16 10 20 8 0 0 95 190 380 10 93 87 77
17 5 30 0 1 157 162 167 177 10 133 124 111
18 20 40 1 9 0 102 204 408 10 147 137 123
19 15 60 14 11 0 93 187 374 10 178 166 148
20 45 65 1 8 0 94 188 376 10 104 97 87
21 45 20 10 0 0 100 201 402 10 67 62 55
22 45 10 2 0 97 102 107 117 10 88 82 74
23 55 5 23 14 68 73 78 88 10 313 292 261
24 65 35 3 1 0 95 190 380 10 192 179 160
25 65 20 5 6 172 177 182 192 10 258 240 215
26 45 30 14 12 0 104 208 416 10 136 127 113
27 35 40 4 0 37 42 47 57 10 24 22 20
28 41 37 1 0 0 106 213 426 10 28 26 23
29 64 42 2 7 0 95 190 380 10 167 155 139
30 40 60 3 9 71 76 81 91 10 66 61 55
31 31 52 14 13 0 101 202 404 10 61 56 50
32 35 69 17 21 0 93 186 372 10 130 121 108
33 53 52 8 2 37 42 47 57 10 87 81 72
34 65 55 10 1 0 91 183 366 10 168 157 140
35 63 65 1 8 143 148 153 163 10 181 169 151
36 2 60 4 1 41 46 51 61 10 260 242 216
37 20 20 3 0 0 99 198 396 10 79 74 66
38 5 5 10 0 83 88 93 103 10 125 117 104
39 60 12 28 2 44 49 54 64 10 284 264 236
40 40 25 0 4 85 90 95 105 10 82 77 68
41 42 7 0 2 97 102 107 117 10 142 132 118
42 24 12 0 5 31 36 41 51 10 136 127 113
43 23 3 0 7 0 92 185 370 10 165 154 137
44 11 14 6 9 69 74 79 89 10 305 285 254
45 6 38 3 11 32 37 42 52 10 238 222 198
46 2 48 1 0 0 92 184 368 10 83 78 69
47 8 56 7 5 0 92 185 370 10 215 200 179
48 13 52 25 0 0 96 192 384 10 59 55 49
49 6 68 12 14 108 113 118 128 10 254 237 211
50 47 47 9 12 0 101 203 406 10 50 46 41
51 49 58 6 4 0 96 193 386 10 79 74 66
52 27 43 9 0 0 104 208 416 10 32 30 27
53 37 31 6 11 95 100 105 115 10 127 118 105
54 57 29 2 0 0 98 197 394 10 59 55 49
55 63 23 1 2 136 141 146 156 10 234 218 195
56 53 12 6 0 130 135 140 150 10 88 82 73
57 32 12 0 5 0 98 196 392 10 128 119 106
58 36 26 6 2 200 205 210 220 10 161 150 134
59 21 24 24 19 0 101 202 404 10 213 198 177
60 17 34 2 1 0 100 201 402 10 185 172 154
61 12 24 0 5 0 97 194 388 10 126 117 105
62 24 58 19 8 58 63 68 78 10 118 110 98
63 27 69 0 6 0 92 185 370 10 76 70 63
64 15 77 2 6 73 78 83 93 10 243 226 202
65 62 77 8 14 51 56 61 71 10 230 214 191
66 49 73 25 24 127 132 137 147 10 163 152 136
67 67 5 20 24 83 88 93 103 10 347 323 289
68 56 39 31 0 142 147 152 162 10 42 39 35
69 37 47 6 5 50 55 60 70 10 28 26 23
70 37 56 4 0 182 187 192 202 10 14 13 12
71 57 68 8 9 0 90 180 360 10 163 152 136
72 47 16 18 15 0 98 197 394 10 229 214 191
73 44 17 0 5 0 99 199 398 10 109 102 91
74 46 13 0 6 149 154 159 169 10 124 115 103
75 49 11 16 17 0 96 192 384 10 264 246 220
76 49 42 4 9 73 78 83 93 10 79 74 66
77 53 43 3 0 179 184 189 199 10 32 30 27
78 61 52 3 1 96 101 106 116 10 139 130 116
79 57 48 23 16 92 97 102 112 10 113 105 94
80 56 37 6 0 182 187 192 202 10 45 42 37
81 55 54 9 22 0 96 192 384 10 102 95 85
82 15 47 0 16 0 98 196 392 10 83 77 69
83 14 37 3 6 0 99 198 396 10 192 179 160
84 11 31 7 3 101 106 111 121 10 229 213 190
85 16 22 0 19 0 98 196 392 10 122 113 101
86 4 18 0 17 0 92 184 368 10 159 148 132
87 28 18 23 24 93 98 103 113 10 226 210 188
88 26 52 7 3 74 79 84 94 10 93 87 77
89 26 35 5 0 0 105 211 422 10 45 42 37
90 31 67 3 0 0 93 187 374 10 42 39 35
91 15 19 0 1 0 97 194 388 10 131 122 109
92 22 22 2 0 18 23 28 38 10 73 68 61
93 18 24 3 0 188 193 198 208 10 75 70 62
94 26 27 4 5 0 103 207 414 10 178 166 148
95 25 24 13 1 0 102 205 410 10 198 185 165
96 22 27 8 10 0 102 204 408 10 193 180 160
97 25 21 2 5 0 101 202 404 10 216 201 179
98 19 21 3 2 0 99 198 396 10 236 220 197
99 20 26 8 7 83 88 93 103 10 206 192 172
100 18 18 2 12 185 190 195 205 10 257 239 213
0 35 35 0 0 0 230 230 230 0 0 0 0
