customer xCoord yCoord demandWasteType1 demandWasteType2 readyTime dueDateNarrow dueDate dueDateWide service bidNarrow bid bidWide
0 40 50 0 0 0 1236 1236 1236 0 0 0 0
1 45 68 8 4 912 939 967 1022 90 130 117 107
2 45 70 14 0 825 847 870 915 90 48 43 39
3 42 66 5 0 65 105 146 227 90 37 33 31
4 42 68 6 2 727 754 782 837 90 126 113 104
5 42 65 3 7 15 41 67 119 90 105 94 87
6 40 69 13 4 621 661 702 783 90 132 119 109
7 40 66 0 16 170 197 225 280 90 55 50 46
8 38 68 11 0 255 289 324 393 90 42 37 34
9 38 70 4 1 534 569 605 676 90 140 126 116
10 35 66 2 8 357 383 410 463 90 117 105 96
11 35 69 10 4 448 476 505 562 90 137 123 113
12 25 85 19 2 652 686 721 790 90 266 238 219
13 22 75 6 17 30 61 92 154 90 215 193 177
14 22 85 10 0 567 593 620 673 90 91 82 75
15 20 80 38 0 384 406 429 474 90 84 75 69
16 20 85 7 0 475 501 528 581 90 93 84 77
17 18 75 19 15 99 123 148 197 90 232 208 192
18 15 75 0 3 179 216 254 329 90 123 110 102
19 15 80 8 8 278 311 345 412 90 272 244 225
20 30 50 1 9 10 41 73 136 90 69 62 57
21 30 52 11 19 914 939 965 1016 90 71 63 58
22 28 52 5 9 812 847 883 954 90 85 76 70
23 28 55 7 0 732 754 777 822 90 30 27 25
24 25 50 6 4 65 104 144 223 90 104 94 86
25 25 52 0 23 169 196 224 279 90 52 47 43
26 25 55 9 10 622 661 701 780 90 110 99 91
27 23 52 0 1 261 288 316 371 90 59 53 49
28 23 55 20 13 546 569 593 640 90 123 111 102
29 20 50 0 7 358 381 405 452 90 69 62 57
30 20 55 5 0 449 476 504 559 90 48 43 39
31 10 35 0 3 200 218 237 274 90 117 105 96
32 10 40 6 4 31 65 100 169 90 221 198 182
33 8 40 14 0 87 122 158 229 90 78 70 64
34 8 45 0 16 751 783 816 881 90 113 101 93
35 5 35 1 0 283 313 344 405 90 88 79 73
36 5 45 6 10 665 690 716 767 90 247 221 204
37 2 40 17 4 383 408 434 485 90 274 246 226
38 0 40 5 0 479 500 522 565 90 96 86 79
39 0 45 7 7 567 595 624 681 90 281 252 232
40 35 30 6 1 264 292 321 378 90 144 129 118
41 35 32 0 5 166 200 235 304 90 65 58 53
42 33 32 19 4 68 108 149 230 90 135 121 111
43 33 35 5 3 16 48 80 144 90 115 103 95
44 32 30 0 10 359 385 412 465 90 75 67 62
45 30 30 3 5 541 570 600 659 90 156 140 129
46 30 32 3 11 448 478 509 570 90 143 129 118
47 30 35 5 10 1054 1090 1127 1200 90 126 113 104
48 28 30 0 8 632 662 693 754 90 81 73 67
49 28 35 0 5 1001 1033 1066 1131 90 67 60 55
50 26 32 3 8 815 847 880 945 90 159 143 131
51 25 30 3 3 725 755 786 847 90 174 156 144
52 25 35 3 0 912 940 969 1026 90 49 44 40
53 44 5 7 18 286 316 347 408 90 315 283 260
54 42 10 3 19 186 221 257 328 90 279 251 231
55 42 15 10 6 95 126 158 221 90 245 219 202
56 40 5 26 0 385 410 436 487 90 104 94 86
57 40 15 36 25 35 61 87 139 90 244 219 202
58 38 5 0 24 471 502 534 597 90 157 141 129
59 38 15 4 9 651 695 740 829 90 245 219 202
60 35 5 8 13 562 595 629 696 90 316 283 261
61 50 30 2 0 531 570 610 689 90 52 46 43
62 50 35 14 3 262 289 317 372 90 126 113 104
63 50 40 11 0 171 194 218 265 90 32 29 27
64 48 30 1 9 632 662 693 754 90 150 135 124
65 48 40 3 9 76 102 129 182 90 89 80 73
66 47 35 6 3 826 850 875 924 90 115 103 95
67 47 40 10 5 12 44 77 142 90 85 76 70
68 45 30 4 1 734 755 777 820 90 144 129 118
69 45 35 4 1 916 942 969 1022 90 110 99 91
70 95 30 15 4 387 421 456 525 90 409 367 337
71 95 35 0 10 293 326 360 427 90 199 178 164
72 53 30 0 1 450 477 505 560 90 83 74 68
73 92 30 5 3 478 514 551 624 90 389 349 321
74 53 35 39 0 353 382 412 471 90 46 41 38
75 45 65 10 0 997 1032 1068 1139 90 36 33 30
76 90 35 10 10 203 231 260 317 90 364 327 301
77 88 30 7 3 574 608 643 712 90 363 326 300
78 88 35 9 7 109 139 170 231 90 351 315 290
79 87 30 7 8 668 699 731 794 90 357 320 294
80 85 25 1 5 769 794 820 871 90 359 322 297
81 85 35 5 29 47 85 124 201 90 331 297 273
82 75 55 1 0 369 394 420 471 90 82 73 68
83 72 55 0 10 265 301 338 411 90 113 101 93
84 70 58 18 15 458 490 523 588 90 217 194 179
85 68 60 1 0 555 583 612 669 90 69 62 57
86 66 55 9 5 173 205 238 303 90 185 166 152
87 65 55 11 2 85 114 144 203 90 178 159 147
88 65 60 23 30 645 676 708 771 90 188 168 155
89 63 58 8 1 737 769 802 867 90 170 152 140
90 60 55 10 8 20 52 84 148 90 144 129 118
91 60 60 5 1 836 862 889 942 90 156 140 129
92 67 85 3 11 368 404 441 514 90 309 277 255
93 65 85 0 10 475 496 518 561 90 150 134 124
94 65 82 0 5 285 310 336 387 90 141 127 117
95 62 80 4 0 196 217 239 282 90 86 77 71
96 60 80 10 0 95 125 156 217 90 84 75 69
97 60 85 27 13 561 591 622 683 90 281 252 232
98 58 75 16 2 30 57 84 138 90 215 193 177
99 55 80 2 3 743 781 820 897 90 234 210 193
100 55 85 10 17 647 686 726 805 90 266 238 219
0 40 50 0 0 0 1236 1236 1236 0 0 0 0
