customer xCoord yCoord demandWasteType1 demandWasteType2 readyTime dueDateNarrow dueDate dueDateWide service bidNarrow bid bidWide
0 35 35 0 0 0 230 230 230 0 0 0 0
1 41 49 7 1 161 166 171 181 10 9 8 8
2 35 17 2 0 50 55 60 70 10 75 69 65
3 55 45 13 11 116 121 126 136 10 107 99 92
4 55 20 7 13 149 154 159 169 10 228 210 196
5 15 30 10 0 34 39 44 54 10 72 67 62
6 25 30 3 0 99 104 109 119 10 56 52 48
7 20 50 5 5 81 86 91 101 10 136 125 117
8 10 43 8 5 95 100 105 115 10 210 193 180
9 55 60 12 6 97 102 107 117 10 122 113 105
10 30 60 13 11 124 129 134 144 10 96 88 82
11 20 65 0 11 67 72 77 87 10 85 78 73
12 50 35 17 0 63 68 73 83 10 40 37 35
13 30 25 0 20 159 164 169 179 10 91 84 78
14 15 10 16 14 32 37 42 52 10 321 296 276
15 30 5 8 8 61 66 71 81 10 314 289 270
16 10 20 3 16 75 80 85 95 10 289 266 248
17 5 30 0 1 157 162 167 177 10 137 126 118
18 20 40 10 1 87 92 97 107 10 152 140 131
19 15 60 16 0 76 81 86 96 10 61 56 52
20 45 65 8 0 126 131 136 146 10 35 33 30
21 45 20 4 0 62 67 72 82 10 69 63 59
22 45 10 17 14 97 102 107 117 10 274 253 236
23 55 5 29 14 68 73 78 88 10 323 298 278
24 65 35 2 2 153 158 163 173 10 198 183 171
25 65 20 4 0 172 177 182 192 10 88 81 76
26 45 30 13 5 132 137 142 152 10 140 129 120
27 35 40 5 13 37 42 47 57 10 76 70 65
28 41 37 2 4 39 44 49 59 10 88 81 76
29 64 42 4 7 63 68 73 83 10 172 159 148
30 40 60 10 17 71 76 81 91 10 68 62 58
31 31 52 25 25 50 55 60 70 10 62 57 54
32 35 69 12 14 141 146 151 161 10 133 123 115
33 53 52 5 8 37 42 47 57 10 89 82 77
34 65 55 0 9 117 122 127 137 10 86 80 74
35 63 65 8 6 143 148 153 163 10 187 172 161
36 2 60 5 0 41 46 51 61 10 89 82 76
37 20 20 0 1 134 139 144 154 10 122 113 105
38 5 5 13 2 83 88 93 103 10 388 358 334
39 60 12 3 27 44 49 54 64 10 292 270 251
40 40 25 8 3 85 90 95 105 10 170 157 146
41 42 7 5 3 97 102 107 117 10 293 270 252
42 24 12 1 3 31 36 41 51 10 281 259 241
43 23 3 5 3 132 137 142 152 10 340 314 293
44 11 14 17 12 69 74 79 89 10 315 290 271
45 6 38 16 11 32 37 42 52 10 245 226 211
46 2 48 0 1 117 122 127 137 10 129 119 111
47 8 56 14 19 51 56 61 71 10 221 204 190
48 13 52 3 20 165 170 175 185 10 184 170 158
49 6 68 3 30 108 113 118 128 10 262 241 225
50 47 47 12 0 124 129 134 144 10 17 15 14
51 49 58 8 2 88 93 98 108 10 82 75 70
52 27 43 9 8 52 57 62 72 10 100 92 86
53 37 31 4 7 95 100 105 115 10 131 120 112
54 57 29 0 16 140 145 150 160 10 92 84 79
55 63 23 0 1 136 141 146 156 10 120 111 104
56 53 12 6 0 130 135 140 150 10 91 84 78
57 32 12 1 0 101 106 111 121 10 88 81 75
58 36 26 4 14 200 205 210 220 10 165 153 142
59 21 24 0 9 18 23 28 38 10 109 101 94
60 17 34 3 3 162 167 172 182 10 191 176 164
61 12 24 12 13 76 81 86 96 10 260 240 224
62 24 58 1 11 58 63 68 78 10 121 112 104
63 27 69 0 1 34 39 44 54 10 78 72 67
64 15 77 9 0 73 78 83 93 10 83 77 71
65 62 77 10 0 51 56 61 71 10 79 73 68
66 49 73 2 6 127 132 137 147 10 168 155 144
67 67 5 6 2 83 88 93 103 10 357 330 307
68 56 39 7 10 142 147 152 162 10 132 122 113
69 37 47 1 0 50 55 60 70 10 9 8 8
70 37 56 0 4 182 187 192 202 10 22 21 19
71 57 68 3 1 77 82 87 97 10 168 155 145
72 47 16 6 20 35 40 45 55 10 236 218 203
73 44 17 3 6 78 83 88 98 10 226 209 194
74 46 13 1 0 149 154 159 169 10 85 78 73
75 49 11 14 12 69 74 79 89 10 272 251 234
76 49 42 9 5 73 78 83 93 10 82 75 70
77 53 43 9 14 179 184 189 199 10 100 92 86
78 61 52 0 1 96 101 106 116 10 71 66 61
79 57 48 22 4 92 97 102 112 10 116 107 100
80 56 37 0 5 182 187 192 202 10 70 64 60
81 55 54 26 11 94 99 104 114 10 105 97 91
82 15 47 2 4 55 60 65 75 10 171 158 147
83 14 37 10 0 44 49 54 64 10 66 60 56
84 11 31 4 4 101 106 111 121 10 236 218 203
85 16 22 40 22 91 96 101 111 10 251 231 216
86 4 18 16 27 94 99 104 114 10 328 302 282
87 28 18 12 1 93 98 103 113 10 233 214 200
88 26 52 1 0 74 79 84 94 10 32 29 27
89 26 35 3 7 176 181 186 196 10 139 129 120
90 31 67 0 1 95 100 105 115 10 65 60 56
91 15 19 1 0 160 165 170 180 10 90 83 77
92 22 22 1 0 18 23 28 38 10 75 69 65
93 18 24 4 9 188 193 198 208 10 232 214 199
94 26 27 1 8 100 105 110 120 10 183 169 157
95 25 24 1 12 39 44 49 59 10 204 188 176
96 22 27 10 10 135 140 145 155 10 199 183 171
97 25 21 0 9 133 138 143 153 10 111 102 95
98 19 21 8 0 58 63 68 78 10 81 75 70
99 20 26 2 0 83 88 93 103 10 71 65 61
100 18 18 17 2 185 190 195 205 10 264 244 227
0 35 35 0 0 0 230 230 230 0 0 0 0
