customer xCoord yCoord demandWasteType1 demandWasteType2 readyTime dueDateNarrow dueDate dueDateWide service bidNarrow bid bidWide
0 40 50 0 0 0 1236 1236 1236 0 0 0 0
1 45 68 8 4 0 563 1127 2254 90 126 115 101
2 45 70 15 23 0 562 1125 2250 90 139 127 112
3 42 66 8 8 0 564 1129 2258 90 109 99 87
4 42 68 10 3 727 754 782 837 90 122 112 98
5 42 65 0 3 0 565 1130 2260 90 51 46 41
6 40 69 7 20 621 661 702 783 90 128 117 103
7 40 66 15 12 0 565 1130 2260 90 108 99 86
8 38 68 2 13 255 289 324 393 90 122 112 98
9 38 70 1 2 534 569 605 676 90 135 124 109
10 35 66 7 9 357 383 410 463 90 113 103 91
11 35 69 9 5 448 476 505 562 90 132 121 106
12 25 85 11 18 0 553 1107 2214 90 257 235 207
13 22 75 0 6 30 61 92 154 90 104 95 83
14 22 85 1 0 0 553 1106 2212 90 88 81 71
15 20 80 16 18 384 406 429 474 90 243 223 196
16 20 85 0 17 0 552 1105 2210 90 136 124 109
17 18 75 1 9 99 123 148 197 90 225 206 181
18 15 75 10 6 0 555 1110 2220 90 239 218 192
19 15 80 1 4 0 553 1106 2212 90 264 241 212
20 30 50 10 7 0 568 1136 2272 90 67 61 54
21 30 52 6 0 0 567 1135 2270 90 22 21 18
22 28 52 15 0 812 847 883 954 90 27 25 22
23 28 55 0 5 732 754 777 822 90 43 40 35
24 25 50 9 8 0 565 1131 2262 90 101 92 81
25 25 52 15 3 169 196 224 279 90 102 93 82
26 25 55 0 6 0 565 1130 2260 90 53 48 42
27 23 52 0 1 261 288 316 371 90 57 52 46
28 23 55 16 6 0 564 1128 2256 90 119 109 96
29 20 50 7 3 0 563 1126 2252 90 135 123 108
30 20 55 6 3 449 476 504 559 90 139 127 112
31 10 35 18 12 0 556 1112 2224 90 226 207 182
32 10 40 7 3 0 557 1114 2228 90 213 195 171
33 8 40 36 37 87 122 158 229 90 226 207 182
34 8 45 13 0 0 556 1113 2226 90 73 66 58
35 5 35 2 6 283 313 344 405 90 257 235 207
36 5 45 7 8 665 690 716 767 90 239 218 192
37 2 40 2 19 0 553 1106 2212 90 265 243 213
38 0 40 11 10 479 500 522 565 90 278 255 224
39 0 45 16 0 567 595 624 681 90 90 83 73
40 35 30 3 9 264 292 321 378 90 139 127 112
41 35 32 5 2 166 200 235 304 90 126 115 101
42 33 32 1 8 68 108 149 230 90 130 119 105
43 33 35 0 3 0 564 1129 2258 90 55 51 45
44 32 30 5 0 359 385 412 465 90 48 44 39
45 30 30 4 6 541 570 600 659 90 151 138 121
46 30 32 27 28 0 562 1125 2250 90 139 127 111
47 30 35 3 1 0 563 1127 2254 90 121 111 98
48 28 30 10 0 0 561 1122 2244 90 52 48 42
49 28 35 6 0 1001 1033 1066 1131 90 43 39 34
50 26 32 0 10 0 561 1123 2246 90 77 70 61
51 25 30 1 4 0 560 1121 2242 90 169 154 135
52 25 35 0 10 0 562 1124 2248 90 71 65 57
53 44 5 6 0 286 316 347 408 90 101 93 81
54 42 10 32 3 0 552 1105 2210 90 270 247 217
55 42 15 0 1 95 126 158 221 90 118 108 95
56 40 5 0 3 385 410 436 487 90 152 139 122
57 40 15 37 15 0 555 1111 2222 90 236 216 190
58 38 5 3 29 471 502 534 597 90 304 278 244
59 38 15 2 4 0 555 1110 2220 90 237 216 190
60 35 5 14 15 0 550 1100 2200 90 306 280 246
61 50 30 7 5 0 561 1123 2246 90 151 138 121
62 50 35 15 0 262 289 317 372 90 40 37 32
63 50 40 45 20 0 565 1131 2262 90 95 87 76
64 48 30 4 10 632 662 693 754 90 145 133 117
65 48 40 6 0 76 102 129 182 90 28 26 23
66 47 35 0 7 826 850 875 924 90 55 51 45
67 47 40 9 4 12 44 77 142 90 82 75 66
68 45 30 8 4 734 755 777 820 90 139 127 112
69 45 35 9 4 916 942 969 1022 90 106 97 85
70 95 30 12 19 387 421 456 525 90 395 362 318
71 95 35 15 13 0 544 1088 2176 90 385 352 309
72 53 30 8 7 0 561 1122 2244 90 161 147 129
73 92 30 0 5 0 545 1090 2180 90 188 172 151
74 53 35 0 19 353 382 412 471 90 67 61 53
75 45 65 0 20 0 565 1130 2260 90 53 48 42
76 90 35 2 1 203 231 260 317 90 353 323 283
77 88 30 3 3 574 608 643 712 90 351 321 282
78 88 35 0 17 109 139 170 231 90 170 155 136
79 87 30 1 1 668 699 731 794 90 345 316 277
80 85 25 2 7 769 794 820 871 90 348 318 279
81 85 35 12 13 0 549 1098 2196 90 320 293 257
82 75 55 12 19 0 555 1110 2220 90 239 218 192
83 72 55 4 1 0 556 1113 2226 90 219 200 176
84 70 58 3 9 458 490 523 588 90 210 192 168
85 68 60 4 17 0 558 1116 2232 90 201 183 161
86 66 55 7 1 0 559 1119 2238 90 179 163 143
87 65 55 3 0 85 114 144 203 90 57 52 46
88 65 60 21 0 645 676 708 771 90 60 55 48
89 63 58 1 4 0 560 1121 2242 90 164 150 132
90 60 55 0 5 0 562 1125 2250 90 69 63 56
91 60 60 10 0 0 561 1123 2246 90 50 46 40
92 67 85 1 13 368 404 441 514 90 299 273 240
93 65 85 36 12 475 496 518 561 90 290 266 233
94 65 82 8 3 0 552 1105 2210 90 274 251 220
95 62 80 28 21 0 554 1108 2216 90 251 230 202
96 60 80 2 2 0 554 1109 2218 90 243 223 196
97 60 85 24 3 0 552 1105 2210 90 272 249 219
98 58 75 16 18 0 557 1115 2230 90 208 190 167
99 55 80 6 9 743 781 820 897 90 226 207 182
100 55 85 11 11 647 686 726 805 90 257 235 207
0 40 50 0 0 0 1236 1236 1236 0 0 0 0
